,0,1,2,3,4,5,6,7,8
0,0.0,0.0,0.0,0.0,0.0,0.0,0.0,0.0,0.0
1,1721643035.0,623323284.0,-0.49996846349452856,-0.001501243406306406,0.31513063205324043,0.6245273099809235,-0.5621469912587572,-0.40223360673017877,0.36354439195722743
2,1721643035.0,633318064.0,-0.49997078491480995,-0.0015079952671307709,0.31515498283096355,0.6249066911069386,-0.5616994963363228,-0.4024958820312523,0.36329377667830015
3,1721643035.0,639331590.0,-0.49997211924093526,-0.0015354054216029191,0.31511011153405,0.6251978607218089,-0.5614232557239265,-0.4026130997723084,0.3630898714821903
4,1721643035.0,649382458.0,-0.4999698593425155,-0.0015252744118279527,0.3150999639479409,0.6255714706323091,-0.5610309243908104,-0.40284094810832644,0.3627999552581389
5,1721643035.0,659331590.0,-0.4999660130369401,-0.0014973047087975043,0.3151369246643605,0.6259189280363436,-0.560622452948107,-0.40310907044075317,0.3625341888769582
6,1721643035.0,665341600.0,-0.49996918995389744,-0.0015485008108089033,0.3151408472041347,0.6261595679388765,-0.5603436907244609,-0.40323475811354476,0.36240981442698317
7,1721643035.0,675353290.0,-0.4999700479833485,-0.0015150789452879779,0.31510810888113716,0.6264949947526739,-0.5600255296465706,-0.40343728113189486,0.36209637927881805
8,1721643035.0,679316448.0,-0.499961675993539,-0.0015131771700743857,0.31508505054917796,0.6266511625426271,-0.5598758527204049,-0.4035033592044557,0.361983962538803
9,1721643035.0,689344320.0,-0.49996837051454746,-0.0015231184265687668,0.31506431974918037,0.6270093253269333,-0.5595151325953697,-0.4036932842745031,0.36170962743824653
10,1721643035.0,701343186.0,-0.49997544674904604,-0.0015267429467794033,0.3150176565800557,0.6274386992134894,-0.559104424291235,-0.4039055772086662,0.36136298394686944
11,1721643035.0,705366666.0,-0.49996057992338827,-0.0015323902952187295,0.3150435523033308,0.6275575073377887,-0.5589620787508874,-0.40398214496604495,0.361291289752606
12,1721643035.0,715356061.0,-0.499962010917289,-0.0015055296139218515,0.31503557796652876,0.6278748141404269,-0.5586409177852366,-0.40417467464764995,0.3610212945487553
13,1721643035.0,725350789.0,-0.49997038619049794,-0.0015204812309609177,0.3150193141127045,0.6281718019741492,-0.5583459293738038,-0.4043173770358206,0.3608011488107091
14,1721643035.0,731342591.0,-0.49996997387131714,-0.0015067208703026943,0.31502848959284085,0.6283347708272619,-0.5581699863823345,-0.404435575626359,0.3606571047950844
15,1721643035.0,741351724.0,-0.4999696089552117,-0.0015094889331915408,0.3149860496627466,0.6286307990268334,-0.5579145334862813,-0.4045475553637936,0.3604108312590627
16,1721643035.0,747365779.0,-0.49996966023749645,-0.0015429989430500782,0.31500445172361874,0.6288092752623856,-0.5577162359415065,-0.40462850149023954,0.3603155163089632
17,1721643035.0,757332235.0,-0.4999711002830488,-0.0015220683508753341,0.31498774537868934,0.6290821382705413,-0.5574622971399894,-0.4047694564726988,0.3600737947743018
18,1721643035.0,767359561.0,-0.49997380325991686,-0.0015453508264343266,0.3149841743111639,0.6293486380782204,-0.5572103319783674,-0.4048804188511848,0.3598732889734053
19,1721643035.0,773355887.0,-0.49998152676284646,-0.0015228103065767743,0.3149710627393382,0.629510379690187,-0.5570846187061602,-0.40494628920134124,0.35971087323764983
20,1721643035.0,783321913.0,-0.4999760877573229,-0.0015255023349128344,0.31499537590619775,0.6297367832345422,-0.5568758614180711,-0.40505345440553453,0.35951711765288186
21,1721643035.0,793355598.0,-0.4999752244706065,-0.0015605989261326652,0.31497917971114997,0.630060309867472,-0.5566232403805782,-0.4051212995315185,0.35926495357023647
22,1721643035.0,797319319.0,-0.49997820525523795,-0.0015361856881484942,0.3150090377635963,0.6301226888555788,-0.5565623707413972,-0.40517935827529294,0.35918437061174174
23,1721643035.0,809330499.0,-0.4999598947395467,-0.0015381447810737222,0.3150658886726326,0.6304538500457565,-0.556303597881404,-0.40528471415106193,0.3588851493475036
24,1721643035.0,813340835.0,-0.4999623125809763,-0.0015378172582186508,0.31510364538241137,0.6305224487820673,-0.5562465414922297,-0.4053107630299184,0.35882365032408864
25,1721643035.0,823331252.0,-0.49996241019215193,-0.0015505831681718047,0.3151588286813865,0.6307944487306871,-0.5560819101969059,-0.4053559957168015,0.3585495632946014
26,1721643035.0,833334249.0,-0.49996639914128693,-0.0015167184605208459,0.31521898938242743,0.6310580059718636,-0.5559424067215113,-0.4054288343234471,0.35821961672504754
27,1721643035.0,839322011.0,-0.49996925138210735,-0.0015188419004353443,0.315287641716883,0.6312340635206731,-0.5558389793836367,-0.4054715804951419,0.3580214846342431
28,1721643035.0,849318668.0,-0.4999589414434905,-0.0015276337483608427,0.3153984057584158,0.6315323116880782,-0.5557010292262824,-0.4054992350954841,0.35767817342932723
29,1721643035.0,859329894.0,-0.4999692074130011,-0.0015322206447600383,0.315503836161901,0.6318472176055928,-0.5556011662645932,-0.4055092632341194,0.3572655526087228
30,1721643035.0,865382495.0,-0.49997694246044605,-0.0015651962339566362,0.3155081917861913,0.6321029602709484,-0.5555328390445181,-0.4054670948472597,0.3569671516483902
31,1721643035.0,875370574.0,-0.49998167540246474,-0.001559527907424969,0.315592007185684,0.6324965577840996,-0.5554475792311541,-0.4054382903198387,0.35643496441853467
32,1721643035.0,879350675.0,-0.4999800389413546,-0.0015868976915504058,0.31562309065793115,0.6326883661182062,-0.5553993953372903,-0.405410164169501,0.356201546635757
33,1721643035.0,891346296.0,-0.49998767949302786,-0.0015942667527158998,0.31572455459686044,0.6332738922071706,-0.5553057721659145,-0.405313270492452,0.35541641719356615
34,1721643035.0,901364950.0,-0.499981376130801,-0.001611939026227607,0.31586298795843826,0.6337619567931516,-0.555219960790562,-0.4052424961188319,0.3547606187287718
35,1721643035.0,905348443.0,-0.4999825833422296,-0.0016200170612240606,0.31590233768793796,0.6339728529773995,-0.5552016680248649,-0.40520075599290617,0.35445997919776734
36,1721643035.0,915344480.0,-0.49997767119670267,-0.0015815851169449502,0.31605927135272255,0.6344654126956455,-0.5551807991978102,-0.4051283454982093,0.353693290816929
37,1721643035.0,925361151.0,-0.49999443751013606,-0.001590294478877375,0.3162246934014895,0.6349905858771857,-0.5551400528109468,-0.40501491297578196,0.3529439018875767
38,1721643035.0,931375642.0,-0.4999864756611719,-0.001538348064608832,0.316342408420286,0.635318569306286,-0.5551303961933733,-0.4049575656358496,0.3524342899762859
39,1721643035.0,941349146.0,-0.49999906039921593,-0.0015614765449779324,0.3165116788297512,0.635915919439651,-0.5550711427008667,-0.40483563103618636,0.35158936529353424
40,1721643035.0,947367577.0,-0.4999784031197071,-0.0015261372568684285,0.3166019967132024,0.6362866305652013,-0.5550714920925531,-0.4047437563911138,0.35102343809572106
41,1721643035.0,957361016.0,-0.49998586084385627,-0.001557913921178623,0.316798927671965,0.6369292145800162,-0.5550249269590373,-0.4045614819909095,0.3501407050857101
42,1721643035.0,967350354.0,-0.499975429067241,-0.0015292782995105583,0.3169329564842851,0.6376993443595456,-0.5549778267292437,-0.404372791222887,0.34902980354248064
43,1721643035.0,973368887.0,-0.49997480068027533,-0.0015176466264075188,0.3170386147996851,0.6381215165270924,-0.5549746439412377,-0.4042569708250989,0.3483968660404038
44,1721643035.0,983356554.0,-0.499978621336871,-0.0015079943075313575,0.31720635678419956,0.6388920069796611,-0.5549409895539729,-0.4040400800016485,0.3472882308438045
45,1721643035.0,993343182.0,-0.49996718037389665,-0.0014470358511099479,0.31737056365799576,0.6396397002852797,-0.5549403757351283,-0.4038183098236243,0.3461690423031839
46,1721643035.0,997351032.0,-0.49997465034943156,-0.0014546609970058234,0.31738946894250697,0.6399859614017367,-0.5549227837762489,-0.40368746600293515,0.34570956458686897
47,1721643036.0,9320078.0,-0.4999748653682219,-0.00139206838410712,0.317636193667416,0.6409117615520621,-0.5548968432487702,-0.40343417260404446,0.34432902234936946
48,1721643036.0,13347560.0,-0.49996646293576585,-0.0013777108468381219,0.31778010410444485,0.6411748274382741,-0.5548773872127677,-0.4033595949597015,0.3439577924300844
49,1721643036.0,23319714.0,-0.499965487189857,-0.001330554704026551,0.3179331161957024,0.6420336505074762,-0.5548594862678818,-0.4030675626926204,0.3427247904946722
50,1721643036.0,35368973.0,-0.49995544998267744,-0.0013216910859313222,0.3181749790375774,0.643030106762696,-0.5548038375357881,-0.40271375372832924,0.3413599510932076
51,1721643036.0,39349930.0,-0.4999575869283231,-0.0013296815815756436,0.318268441826198,0.6433793852029052,-0.5547835665453268,-0.40257121354087266,0.3409025946152476
52,1721643036.0,49349183.0,-0.4999555868280041,-0.001284375009015676,0.3185082018121605,0.6441335868083172,-0.5547667352566938,-0.40229075779126283,0.3398351629743644
53,1721643036.0,59337728.0,-0.4999392669909104,-0.001255775922590402,0.3188332806895432,0.6449087703115377,-0.5547237413574028,-0.4020071885049111,0.3387690498556244
54,1721643036.0,65348179.0,-0.4999475927613998,-0.0012236571368097941,0.31894793436822544,0.6453872541550789,-0.5547241766387794,-0.40181648390402747,0.33808267227055633
55,1721643036.0,75365054.0,-0.49993763465784913,-0.0011795330892992479,0.3191839390256995,0.6462032525787622,-0.554734100881148,-0.40147420662729305,0.3369122958415115
56,1721643036.0,81396830.0,-0.499932680418995,-0.0011653642092174323,0.31927459194921554,0.6467087546962091,-0.5547737189608233,-0.4012155588733086,0.336184447391063
57,1721643036.0,91367408.0,-0.4999316477314395,-0.001132542014387983,0.3195045437725643,0.6475296145231879,-0.5547960350758343,-0.4008320955391334,0.3350229678175699
58,1721643036.0,101354817.0,-0.49993411433911333,-0.001115833527650826,0.319818501056989,0.6482693987807236,-0.554799294050758,-0.4004892286107311,0.33399537076438846
59,1721643036.0,105353729.0,-0.4999318483049301,-0.0011019371460384213,0.319961407293927,0.6485576638252932,-0.5548085793290021,-0.4003395655104099,0.33359950432119745
60,1721643036.0,117352899.0,-0.49995040037724897,-0.0010665664433761035,0.3203040502554453,0.6494939748070707,-0.5548513246412569,-0.39987178258705997,0.33226516778591436
61,1721643036.0,127328477.0,-0.4999389753515622,-0.0010181879035367533,0.32070976721069405,0.6501568112052936,-0.5549179969443396,-0.3995132327347219,0.33128735922231933
62,1721643036.0,131341405.0,-0.4999344830939063,-0.001003080395340679,0.3208562541578274,0.6504378534002152,-0.5549427007740703,-0.3993401470943349,0.330902772185994
63,1721643036.0,141353047.0,-0.49993197032949566,-0.0009804289061343381,0.3212925347616628,0.6510689190310268,-0.5549889571033818,-0.39899817961346906,0.3299954133472295
64,1721643036.0,147330092.0,-0.49992991955817445,-0.0009296755093316917,0.32158098778543937,0.6514165015825798,-0.5550415706441196,-0.39879829223897634,0.3294621654000618
65,1721643036.0,157329390.0,-0.49992984127991924,-0.000877050956255562,0.32202930691265264,0.6519825904130825,-0.5551293885485842,-0.39846740530773006,0.32859365586579276
66,1721643036.0,167326762.0,-0.4999223486118034,-0.0008197662740610753,0.32241217476210793,0.65263173830075,-0.5552425269100842,-0.3980600595552803,0.32760607360043337
67,1721643036.0,173398192.0,-0.49992613170409556,-0.0007631410269700297,0.3226579772988126,0.652984502433859,-0.5553333715890545,-0.3978336465317537,0.3270236622447777
68,1721643036.0,183323920.0,-0.4999122690873308,-0.0007292894303617238,0.32312366306930473,0.6535877268167636,-0.5554395867712477,-0.39741921784148276,0.3261409420666858
69,1721643036.0,193319257.0,-0.49992031520387226,-0.000654954455057821,0.32365807778782785,0.6541094403661291,-0.5555414601916054,-0.3970912382222043,0.3253199572101978
70,1721643036.0,199328046.0,-0.4999304959860481,-0.0006194382054445706,0.3240218830582938,0.654407938565518,-0.5556134683078172,-0.39687337747792373,0.32486219544085604
71,1721643036.0,209362611.0,-0.49992633357584965,-0.000568093191104342,0.3246892940366318,0.6548424781508233,-0.5557196821717222,-0.39656855108993233,0.32417641484642346
72,1721643036.0,213307816.0,-0.49993172572063727,-0.0005466640563116685,0.32496749209362674,0.6550342186157531,-0.5557389648714196,-0.39644664074232017,0.3239049805270408
73,1721643036.0,223312492.0,-0.4999389898702621,-0.0004581893533293054,0.3256336508578366,0.6555241592057119,-0.5558478395211621,-0.39613630809298045,0.32310568148481084
74,1721643036.0,233322776.0,-0.49993691296305615,-0.00033120313985998207,0.3263774688961007,0.6559423080598823,-0.5559790512165245,-0.3958289463717843,0.3224072398685407
75,1721643036.0,239325892.0,-0.49994788433265736,-0.00027399683674418553,0.32683982160917685,0.656220993700248,-0.5560167624399228,-0.39566185286234745,0.32197991475000365
76,1721643036.0,249329401.0,-0.49992854967614936,-0.00011476582472485326,0.32773909278996327,0.6565661372729403,-0.5561046546189947,-0.395444435038665,0.32139106909578247
77,1721643036.0,259319216.0,-0.49992804987355594,3.093475243431303e-05,0.32862954734005817,0.6569919265104454,-0.5561977805725651,-0.39517135437373274,0.32069492990796705
78,1721643036.0,265328325.0,-0.49993676894404404,0.00012393410429371865,0.3291343737301755,0.6572709314597577,-0.5562556910403247,-0.39498937617807095,0.32024665735918567
79,1721643036.0,275374134.0,-0.4999346549914612,0.0002964866066841546,0.3301644301089959,0.6576795213049613,-0.5563357654853635,-0.3947282096056822,0.31959005591442363
80,1721643036.0,281322201.0,-0.4999391761014742,0.00039924834422019407,0.3308410018449306,0.65788104341611,-0.5563545041016147,-0.3946134193881199,0.3192842741482778
81,1721643036.0,291362304.0,-0.49992123246400577,0.0005975295483190441,0.33207183642705973,0.6582726452111692,-0.556365474923672,-0.394405727396735,0.3187141432009242
82,1721643036.0,301331053.0,-0.4999282964724739,0.0008150676982709808,0.33319282289804436,0.6587434429062287,-0.5563982371563008,-0.3941628786842674,0.3179838096267498
83,1721643036.0,305339376.0,-0.49991167595610597,0.000920906461972663,0.3337043870924053,0.6589013478507002,-0.5564276645006971,-0.39405637390103504,0.31773706451529693
84,1721643036.0,317318173.0,-0.4999145141497702,0.001271317566846271,0.33528426560741487,0.6593967249824947,-0.5564366933292362,-0.3938571924363202,0.3169395484400221
85,1721643036.0,327315054.0,-0.4999117079905902,0.0015828200274712622,0.33676954316020596,0.6597527213399763,-0.5564417467795488,-0.3937272851808504,0.31635068204373673
86,1721643036.0,331357462.0,-0.49991016589800014,0.0017472386157771067,0.3373242528875312,0.6599051124292233,-0.5564645286990173,-0.3936841752993223,0.3160462640317829
87,1721643036.0,341365849.0,-0.4998796125558348,0.002101819020304927,0.3387589288065988,0.660334376986196,-0.5564820660211007,-0.39351204970005366,0.31533234453192743
88,1721643036.0,347326154.0,-0.4998557819276333,0.0023297935035361574,0.339648842599805,0.6606269146290489,-0.5564805898927853,-0.39340941328030493,0.31484991072370894
89,1721643036.0,357328431.0,-0.49984495616547375,0.0026724399762122026,0.341322596010047,0.6609747707761725,-0.5563968424630708,-0.39336473071417577,0.3143232328744967
90,1721643036.0,367325065.0,-0.49980594084258667,0.0031184108789305887,0.3430473929351193,0.6613171198610287,-0.5564121765255157,-0.39330056590661683,0.3136555780635621
91,1721643036.0,373373251.0,-0.49979475448917265,0.0033831104744543633,0.34407726376332554,0.6615119262969735,-0.5563946813615586,-0.39329678486736985,0.3132803360130142
92,1721643036.0,383343802.0,-0.49974885900661303,0.0038709235432330216,0.3458738525507862,0.6617970880094658,-0.5564109969346417,-0.3932829598770445,0.31266584441339373
93,1721643036.0,393321870.0,-0.49972978061042256,0.004336401331150116,0.3476891287893422,0.6620900004595024,-0.5563637644468852,-0.3933356500271101,0.31206290923430463
94,1721643036.0,399331157.0,-0.4996869705679288,0.004642314757096983,0.3488215817290904,0.6623144081132379,-0.5563570031255822,-0.3933256250583796,0.31161107578384817
95,1721643036.0,409320955.0,-0.4996436405268842,0.005185952843643325,0.35069325822872427,0.6625970238508281,-0.5563280381800066,-0.3934377023462591,0.3109197200103378
96,1721643036.0,413301773.0,-0.4996216211827665,0.0054221866528111565,0.3514778633691137,0.6626850153337757,-0.5563594530248035,-0.3934849227509737,0.31061607339233976
97,1721643036.0,425345287.0,-0.49956801487316205,0.006134026113370368,0.35386520771080576,0.6628967964791718,-0.5563677010384358,-0.39370291216836534,0.30987228886914964
98,1721643036.0,435335417.0,-0.4994951211383204,0.006765653750703293,0.3559322240971159,0.6630168790456156,-0.5564109285869483,-0.3938985866787335,0.3092885385236862
99,1721643036.0,439313097.0,-0.4994651061112043,0.007002949844052829,0.3568014972430883,0.6630298311680142,-0.5563952260004537,-0.3940338469194383,0.3091166817677226
100,1721643036.0,449318928.0,-0.4994109783577279,0.007649868581932288,0.3590295254417108,0.6629626727596033,-0.5564174434477958,-0.39441979653575876,0.3087282741427366
101,1721643036.0,459343356.0,-0.499335023625172,0.008299219725110756,0.3611366325835563,0.6629789405103149,-0.5564719062624922,-0.3947656963577001,0.3081525384604651
102,1721643036.0,465339271.0,-0.49928907930481126,0.008727693239740488,0.3623659402867578,0.6629681230481433,-0.556527864773327,-0.3949989049809975,0.3077756790532292
103,1721643036.0,475370068.0,-0.4992239474845894,0.009375520652661087,0.3644888362666695,0.662870715706835,-0.5565982352839507,-0.39540782409699005,0.3073328348549566
104,1721643036.0,481372304.0,-0.49918815046330123,0.009770972288006594,0.36578307152971556,0.662761475648486,-0.5566253497307114,-0.39571515694622356,0.3071236900605849
105,1721643036.0,491347387.0,-0.4991220597177254,0.010426460390878023,0.3679430804434195,0.6626063069478544,-0.5567124207396529,-0.39617138128299045,0.3067122417502257
106,1721643036.0,501316455.0,-0.4990576517703192,0.011121553916468302,0.3700892084382521,0.6623423924058759,-0.5568377973676946,-0.3967204640680098,0.3063447339753339
107,1721643036.0,505341125.0,-0.4990232160665109,0.011417304997718624,0.37098899003574215,0.6621871697274763,-0.5568979989928445,-0.396969945749014,0.3062476663390353
108,1721643036.0,517327566.0,-0.4989498297637661,0.012190611198972585,0.3736605724559706,0.6617301856959662,-0.5569726750333747,-0.39776644145466034,0.30606610177777804
109,1721643036.0,527304554.0,-0.49884977747423304,0.012935987947585728,0.3758599376720917,0.6612896409844482,-0.5571607963343401,-0.3984486911350487,0.30578832268010203
110,1721643036.0,531312296.0,-0.49882866971373163,0.01317383491593091,0.376704429275724,0.6611168678037895,-0.5571979337087887,-0.3987268257042944,0.30573169322093585
111,1721643036.0,541340545.0,-0.49874562092496816,0.013864849173790085,0.37904569666290844,0.6604884774860016,-0.5573050645304729,-0.3995685852543216,0.30579565372118833
112,1721643036.0,547324331.0,-0.49870823501081984,0.014334840660776612,0.3803615359409609,0.6601052604122929,-0.5574223036925439,-0.40009348169035697,0.3057231205372018
113,1721643036.0,557319570.0,-0.4986305516842675,0.01502023191623958,0.3826538322295328,0.6593802884195588,-0.557546614913436,-0.40098423228575625,0.30589385888002213
114,1721643036.0,567311306.0,-0.4985434230490913,0.01569319322926248,0.3848886717845757,0.6586742075581365,-0.5576766795037356,-0.4018808586648368,0.30600128247143354
115,1721643036.0,573332985.0,-0.4984983813323224,0.01611987240434886,0.3862137774805511,0.6582113611353897,-0.5577806070201379,-0.4024340806338616,0.3060807234193665
116,1721643036.0,583293204.0,-0.49844400917727855,0.016812589893992855,0.3884277046317946,0.657412130832092,-0.5579147765496556,-0.40341125202773664,0.30626745514300063
117,1721643036.0,589305604.0,-0.49840816954161415,0.017255484443800772,0.3898277869830775,0.6568269530748968,-0.5580078873813213,-0.4040560271072298,0.306503308779699
118,1721643036.0,599331856.0,-0.49837313972473685,0.017896195376110296,0.39208532879780406,0.655933807367164,-0.558098388738876,-0.4051031220133374,0.3068688471887195
119,1721643036.0,609315952.0,-0.4983146875537924,0.018582697820831075,0.39426778282416775,0.6549846073305589,-0.5582509808958295,-0.40613283047209925,0.3072574335986011
120,1721643036.0,613300985.0,-0.4983100157870659,0.01885940213083438,0.39510533790711827,0.6546466238213825,-0.558295650121762,-0.4065331278838753,0.30736717604086666
121,1721643036.0,625330699.0,-0.49825612061550373,0.019659418309136402,0.3977349027086551,0.6534696345851376,-0.5584213685758879,-0.4078520066592535,0.3078956843754381
122,1721643036.0,635347499.0,-0.4982397490242051,0.02033141445324113,0.3999750651229195,0.6524179560328079,-0.5584890924593974,-0.40902303303379567,0.30844918981525354
123,1721643036.0,639324904.0,-0.49823035419709844,0.020608268534705862,0.400883090905101,0.6519535870970993,-0.5585235596134686,-0.40950869286683345,0.30872412295514373
124,1721643036.0,649319947.0,-0.4982089714915595,0.021278130320160498,0.40304532675520977,0.6508546849668901,-0.5586119893355789,-0.4106653780800269,0.3093457154602049
125,1721643036.0,655327978.0,-0.4981804642026232,0.021680635040949366,0.4043847172571121,0.6501760564368129,-0.5586229640917838,-0.411410820056461,0.3097621938940487
126,1721643036.0,665335121.0,-0.49818271299913774,0.022335279689684122,0.40650848336777484,0.6490530494844217,-0.5586869713554007,-0.41257191189671405,0.3104567997428831
127,1721643036.0,675402167.0,-0.49818676294661857,0.023006818502634148,0.40869888797458215,0.6478398846800668,-0.5587229887231071,-0.41382840676839316,0.31125255893176174
128,1721643036.0,681327280.0,-0.49817182279723404,0.023404138823370554,0.4100550844907579,0.6470913820687979,-0.5587271462276244,-0.4145941364420842,0.31178265081378476
129,1721643036.0,691332266.0,-0.49817804681471656,0.024053382916534798,0.4122467404344406,0.6458262163838449,-0.5587507140420152,-0.41584202242755575,0.31270041600903903
130,1721643036.0,701349753.0,-0.49817490711915097,0.024726590980370534,0.4142926715133941,0.6446331790877804,-0.5587996018796648,-0.4170290744808927,0.313492935161097
131,1721643036.0,707372428.0,-0.4981865976758475,0.02513475151160619,0.4155697354613178,0.6438695131050571,-0.5587982148868946,-0.41781036497108326,0.3140240501232459
132,1721643036.0,717304090.0,-0.4982129480596647,0.025775226381581758,0.4176794735102343,0.6425829251959337,-0.5587862227703064,-0.4190714981983707,0.3149987633094829
133,1721643036.0,721339508.0,-0.4982139025192222,0.026004159288355467,0.4185098589762469,0.6420827952233218,-0.5587770586342816,-0.41954172093979347,0.31540866699110065
134,1721643036.0,731354464.0,-0.4982685065558789,0.02662519436570046,0.42048181504665677,0.6408248145834928,-0.5587730203371357,-0.42075184418449973,0.31636079778109266
135,1721643036.0,741363668.0,-0.49830963834145026,0.027281900823554417,0.4223969607213585,0.6395528172682912,-0.5588077970319366,-0.4219342925173441,0.31729716780707945
136,1721643036.0,747327005.0,-0.4983152855838751,0.027677278175201325,0.4236014928497647,0.6387586670445144,-0.5587943033267568,-0.42268426449001884,0.3179218526581832
137,1721643036.0,757327417.0,-0.4983437546773041,0.02825657332783217,0.42560549295661176,0.6374223763894861,-0.5587389893925546,-0.42389344047474986,0.3190890266572117
138,1721643036.0,767319658.0,-0.4983974095776314,0.02889255834281464,0.42755454972969653,0.6360141123592831,-0.5587531296638131,-0.42511676850819247,0.32024478466304396
139,1721643036.0,773336878.0,-0.49840699484264506,0.029260272205420088,0.4287024194391866,0.6352036897763315,-0.5587329785212772,-0.4258468602397442,0.3209177197214695
140,1721643036.0,783307520.0,-0.4984653868805358,0.029888830067214853,0.4305444825761229,0.6338506171177948,-0.5587315459280838,-0.42702661896216293,0.3220259639562439
141,1721643036.0,789324504.0,-0.49846779060978214,0.030239061261186164,0.4317250392450596,0.6329675585118204,-0.5587132107035697,-0.4277478523410427,0.32283648008631116
142,1721643036.0,799317866.0,-0.49851391981666027,0.030896633284575876,0.43360333290820324,0.6314872036343772,-0.5587242915400044,-0.42898932069525525,0.3240667221708803
143,1721643036.0,809364303.0,-0.49858342705817515,0.03148145747092351,0.43544123277147107,0.6300266996591385,-0.5587084503723625,-0.43015965781769433,0.32538268851506397
144,1721643036.0,813320850.0,-0.4985940198525913,0.03170607504121919,0.4361777288159649,0.6294585106812975,-0.5586730053792407,-0.43063357088493465,0.325915915564582
145,1721643036.0,825333320.0,-0.4986647426864237,0.03243852866529798,0.438242009982761,0.6277187243354311,-0.5587102944115906,-0.4319911139009093,0.32740752518514976
146,1721643036.0,835344732.0,-0.4987324625581485,0.03302574809168838,0.43999080533349444,0.6262099906764901,-0.5587035255895699,-0.4331610711373999,0.3287596455190866
147,1721643036.0,839307096.0,-0.49875493378074104,0.03327459144583221,0.4406957461692757,0.6255708449447203,-0.5587196929781381,-0.43363061270889247,0.32932949208243445
148,1721643036.0,849298696.0,-0.4988200681246175,0.0338510772002167,0.4424209914580446,0.624017109038454,-0.5587095952150828,-0.4347837400614425,0.330770819783234
149,1721643036.0,855305594.0,-0.49885194688342493,0.03422298565643568,0.44342156414119815,0.6230772633091939,-0.5587215868069315,-0.4354853454127217,0.3315982905773679
150,1721643036.0,865305972.0,-0.49892086475129754,0.03477703519863256,0.4450468543486138,0.6215390201897977,-0.5587046014261933,-0.4365940862155693,0.33305257634238006
151,1721643036.0,875387548.0,-0.49898458932285,0.035368440213371925,0.44668429300339696,0.6199069001460739,-0.5587330809556599,-0.43773038420048843,0.3345517749837449
152,1721643036.0,881335241.0,-0.49901249306826206,0.03574657280010203,0.4476849320488764,0.6188771816006563,-0.5587597039673147,-0.4384268051502281,0.33550046772270053
153,1721643036.0,891326959.0,-0.49905403509098956,0.03632418779830091,0.4493211374953255,0.6172032418632255,-0.5587453040448991,-0.4395694384723305,0.33710911023349444
154,1721643036.0,901352557.0,-0.49910986288830517,0.03694607197949881,0.4508760077251605,0.6154968192282396,-0.5587925328170537,-0.4406631284035536,0.3387190252309647
155,1721643036.0,907306598.0,-0.49913819535550014,0.037272952387513054,0.4518604994426632,0.6144315553560061,-0.558776042048508,-0.4413586722194468,0.3397730434747438
156,1721643036.0,917318577.0,-0.4991503610340816,0.037881157639463224,0.4533997912732736,0.6126818045613954,-0.5588081528649224,-0.44245387667857616,0.34145134596774557
157,1721643036.0,921339616.0,-0.4991800976653093,0.03812529613133321,0.45398624935170595,0.6119582497195943,-0.5588420019482573,-0.44288064334944494,0.34213952300921985
158,1721643036.0,933299045.0,-0.4991894139730888,0.038820725557384986,0.45588064527726135,0.6097487006033043,-0.558823559159268,-0.44425443105134066,0.34432651993768904
159,1721643036.0,943321264.0,-0.49924005689789813,0.039396835232470125,0.4573234452079238,0.6079045607253715,-0.5588504258917909,-0.44533977163953586,0.34613687224261913
160,1721643036.0,947309649.0,-0.4992660868395576,0.03962512222575069,0.45784608831912615,0.6072150506277184,-0.5588546595893581,-0.4457666986047556,0.346790141384465
161,1721643036.0,957310807.0,-0.4993047328142745,0.04017332107211724,0.4592043347890622,0.6053812978013446,-0.5588904638999784,-0.44677868256205355,0.34863124134555457
162,1721643036.0,969326549.0,-0.49933924155208914,0.04084624060513209,0.4608444767381987,0.6031221441665396,-0.5588978908750607,-0.44805541746383426,0.35088911307231174
163,1721643036.0,973308290.0,-0.4993791024204737,0.04108240068370862,0.46130080786982874,0.6023673762246382,-0.5589513008497542,-0.44843101510131744,0.3516199824154119
164,1721643036.0,983323011.0,-0.499420300561361,0.04160436180124262,0.4625319645444189,0.6004911125812813,-0.5590055072513027,-0.44940756911487506,0.3534913059692805
165,1721643036.0,989361036.0,-0.49944618437495797,0.041940446119172234,0.46324315492844204,0.5993443705297085,-0.5590330235977867,-0.44997561087561394,0.35466935821773793
166,1721643036.0,999296350.0,-0.4994729784295511,0.04245661768462873,0.46450057381355014,0.5973148024739092,-0.5590845046399118,-0.4509593766224296,0.3567564772410013
167,1721643037.0,9303176.0,-0.49952676214306024,0.04295609657315039,0.4656137206189377,0.5953853184008887,-0.5591145799825717,-0.45183272227687427,0.35882363378608956
168,1721643037.0,15323487.0,-0.49953775453348703,0.0432684841023247,0.4663164259814365,0.5941469030398355,-0.5591406050701847,-0.45240655746815406,0.3601104665650999
169,1721643037.0,25337728.0,-0.49955495381229725,0.04381206184949923,0.4674532031779291,0.5920632746902806,-0.5592043560195272,-0.45335830387746234,0.3622399967937797
170,1721643037.0,29300760.0,-0.49958127754844245,0.044041259586661954,0.46785549714602787,0.5912179460815709,-0.5592629724487641,-0.45373058776479946,0.3630631096730587
171,1721643037.0,41333516.0,-0.49960181690127786,0.044662697640412204,0.46909998776343986,0.5887518770044877,-0.5593754956502457,-0.454765817104616,0.365593126006091
172,1721643037.0,51349661.0,-0.4996074414428581,0.04517912589707015,0.4701189219951227,0.5866118603183751,-0.5594737780607837,-0.455627170715747,0.3678036137693209
173,1721643037.0,55362988.0,-0.499594469994318,0.045388798555895664,0.4705494585658228,0.5857144020434837,-0.5595145976338262,-0.45599212230599917,0.368718373109305
174,1721643037.0,65328764.0,-0.4996308068536191,0.04588936115393393,0.47146896126456317,0.5835325168720197,-0.5596112040621649,-0.4568353340716743,0.3709805649690043
175,1721643037.0,75326642.0,-0.49963893307498164,0.04636350331659343,0.47238354130309096,0.5813158632393762,-0.5597198625464694,-0.45764472766039177,0.3732919043615412
176,1721643037.0,81337552.0,-0.4996534859318475,0.0466730260283221,0.4728243442262029,0.5800021248781685,-0.5598495933822,-0.4580707141255861,0.37461605516457824
177,1721643037.0,91323768.0,-0.49966831926554545,0.047129235153357096,0.4735593019232085,0.5778597983614007,-0.5600013486305061,-0.4587850604164222,0.376819335104285
178,1721643037.0,97301091.0,-0.4996919322356672,0.04739230860559893,0.4739621653797854,0.5765425333314761,-0.5601022812554662,-0.4591876806714387,0.37819415081639113
179,1721643037.0,107333596.0,-0.4997188943782239,0.047817251806421636,0.4746113676148096,0.5743511124544244,-0.5602532756037527,-0.4598613740306924,0.38047941267857616
180,1721643037.0,117300014.0,-0.499757909001118,0.04823749514547231,0.4751801712459452,0.5721375211901439,-0.5604574529253532,-0.46048629901440535,0.38275118383466666
181,1721643037.0,123311043.0,-0.4997338702934259,0.04853051189123352,0.4755643517202573,0.5707562321965458,-0.5605885612104328,-0.4608903534846504,0.3841326209964645
182,1721643037.0,133316069.0,-0.49975365954716755,0.04893009627161946,0.4761020806600131,0.5685312781429155,-0.5607908910168494,-0.46148255686052786,0.3864189592129
183,1721643037.0,143328995.0,-0.4997691795568501,0.04933711170386246,0.4766148172888401,0.5662367710740581,-0.5609974370500961,-0.4620701566007995,0.3887788125473929
184,1721643037.0,149301121.0,-0.4997643608229094,0.04959524596249721,0.47690047429601845,0.5648733404623643,-0.5611485143251824,-0.46241843179814623,0.3901277329784102
185,1721643037.0,159299073.0,-0.49976598774341857,0.04997463530250017,0.4772985496926433,0.5626497301098046,-0.5613921481035001,-0.4629088601005225,0.3924022483313989
186,1721643037.0,163333828.0,-0.4997764345672099,0.05011671540694283,0.4774190091674364,0.5617984934848668,-0.5614966620530865,-0.4630973912583373,0.39324897638913003
187,1721643037.0,173297208.0,-0.4997858967405308,0.0504949281108754,0.4777491117361685,0.55953957792557,-0.5617814279858198,-0.46353587450744554,0.3955396073084285
188,1721643037.0,185371901.0,-0.49981296050737384,0.05090050761548678,0.4781198712164786,0.556850509572513,-0.5620859509644959,-0.46407086739438863,0.3982651425281789
189,1721643037.0,189311657.0,-0.4997988690000742,0.051063567300812726,0.4782238253542243,0.5559205744977335,-0.5622360020742764,-0.46421413562328245,0.3991844549943961
190,1721643037.0,199301085.0,-0.49984766546207543,0.051376583860296005,0.4783207847082818,0.5538580229564425,-0.562550038966859,-0.4645450932607052,0.40121889336441907
191,1721643037.0,211356589.0,-0.49987442301990725,0.051758685517575245,0.47844426508252613,0.5512621534218424,-0.562928518348175,-0.46494092769299017,0.4037963040829166
192,1721643037.0,215322433.0,-0.49986653155638766,0.05186024081778979,0.4785076930857319,0.5503937919082124,-0.5630341359580561,-0.4650701453076396,0.4046838216662433
193,1721643037.0,225342418.0,-0.49990317333884926,0.05218346847489244,0.4784928799771368,0.5483628112141812,-0.5633952096234603,-0.4653038274962259,0.40666498886427377
194,1721643037.0,231354083.0,-0.4999463655444609,0.052309091275701755,0.47841070912451644,0.5472321099964471,-0.5636076625030018,-0.46540025998204804,0.4077818271642094
195,1721643037.0,241364739.0,-0.49995525044291045,0.05261564348396138,0.47833297017956444,0.5452460931218788,-0.5639700121490123,-0.46561397199268445,0.4096927536791027
196,1721643037.0,251347890.0,-0.5000009824848342,0.052871748820567555,0.4782430330318435,0.543286648884249,-0.5642671927735131,-0.46585546095879526,0.4116076308798103
197,1721643037.0,255351123.0,-0.49999759428846513,0.0529828772118611,0.4782179776468739,0.5425152987995615,-0.5644054282245377,-0.4659295600808581,0.4123509527113487
198,1721643037.0,267326158.0,-0.5000093618168064,0.0532714884642817,0.4780092175222748,0.5402984779369149,-0.5648067234171491,-0.4661015432120832,0.4145120882883293
199,1721643037.0,271337444.0,-0.5000208457070149,0.053369915937048346,0.4779056361909673,0.5395857424451471,-0.5649663819055358,-0.46614542285339794,0.4151730465954101
200,1721643037.0,281330634.0,-0.5000057786455587,0.0536049299927501,0.47773068760645937,0.5377337346424494,-0.5652607273015837,-0.4662832715595126,0.41701636833789424
201,1721643037.0,291344162.0,-0.5000028899414674,0.0538302968323003,0.4774694920407969,0.5359560625740418,-0.5655886440134175,-0.4664013709903243,0.4187246659698224
202,1721643037.0,297304040.0,-0.5000017963899758,0.053982630539645776,0.4772769561214441,0.5348624251486881,-0.565831718636836,-0.4664326168710704,0.4197585809335572
203,1721643037.0,307308173.0,-0.4999827668516559,0.054207527538308584,0.4769423409792754,0.5331909629061333,-0.5661747451831758,-0.4664962550796666,0.42134878543629745
204,1721643037.0,317305536.0,-0.49999665314878217,0.0544245107302409,0.4765395877972013,0.5314672985816788,-0.5665215690183035,-0.4665432606111432,0.4230049743840554
205,1721643037.0,323325823.0,-0.500018541035562,0.05454956362955482,0.47624743205473113,0.5304928334885342,-0.5667365272369926,-0.46657091969316183,0.42390876283622275
206,1721643037.0,333310785.0,-0.5000272614025503,0.05473436771270536,0.47575317663065586,0.5288677694411537,-0.5670632422680575,-0.46657059970348014,0.4254997499495293
207,1721643037.0,339304246.0,-0.5000343910094074,0.05487456588494241,0.4754276272028676,0.5278931487103126,-0.5673039311446838,-0.4665692759943153,0.4263897090111817
208,1721643037.0,349306949.0,-0.5000553612527053,0.055058116510074154,0.4748299639404618,0.5263666451546521,-0.5676633160255073,-0.46652574196038454,0.4278437174902469
209,1721643037.0,359327227.0,-0.5000694102644968,0.05525506879542809,0.47421783655315886,0.5247511392874751,-0.5680192068184751,-0.4664933334614372,0.42938839334318746
210,1721643037.0,363315618.0,-0.5000669581700639,0.055340401114731305,0.47397002127286747,0.5241024018101467,-0.568181680582466,-0.4664772438425209,0.4299828266854452
211,1721643037.0,375328238.0,-0.5000728145781139,0.05556182116936143,0.47311612803694586,0.5222654729763898,-0.5685968135913829,-0.4664030265986408,0.431746055095008
212,1721643037.0,385327114.0,-0.500098743691668,0.05579475716786923,0.47227718030763416,0.5206920746181282,-0.569010515310376,-0.4663431597842052,0.4331637729757338
213,1721643037.0,389305682.0,-0.5000876698022587,0.055865247774761165,0.4719962354089974,0.5200341306168547,-0.56912490941893,-0.46632330171264086,0.4338247558084813
214,1721643037.0,401330581.0,-0.5000851371436033,0.05611355874915687,0.47103651550987435,0.5181220336716754,-0.569547996251699,-0.46625514674500507,0.4356268774116168
215,1721643037.0,405339909.0,-0.5001163816121287,0.056153743910239994,0.4706340475911094,0.5175413380791261,-0.5697075683923384,-0.46615676724378097,0.43621338614098515
216,1721643037.0,415365047.0,-0.5001188678183602,0.056366803908937245,0.469685483169758,0.5160340377211725,-0.5700889666268505,-0.46605608057951836,0.43760618345536517
217,1721643037.0,427335625.0,-0.500126349412916,0.056611333361091504,0.4684399633200638,0.514128646329743,-0.5705699040426553,-0.46587420210753644,0.4394120474390385
218,1721643037.0,431355345.0,-0.5001161347596774,0.056723779616161665,0.4680089818259949,0.5135037065611232,-0.5707678299987621,-0.4658126178658713,0.4399507161301546
219,1721643037.0,441338128.0,-0.5001409474352292,0.056919594528741166,0.4668289816899248,0.5120647674399932,-0.5712263134405443,-0.46557785337873486,0.4412793165592514
220,1721643037.0,451321271.0,-0.5001597893134448,0.057076456827673025,0.46566406414239897,0.5105693509478593,-0.5716268060398154,-0.4653459328778028,0.4427356945667342
221,1721643037.0,457296472.0,-0.5001481419072183,0.05723199889321757,0.46496148899243434,0.5095658368576863,-0.5718819023043262,-0.4652524734461264,0.4436596484655466
222,1721643037.0,467290326.0,-0.5001625491551827,0.05742296799580966,0.46359165979611244,0.5081101819704668,-0.5723619790443701,-0.46497505710218895,0.4449988811167588
223,1721643037.0,471305170.0,-0.5001544648458753,0.057495547893616085,0.46305678609926937,0.5075572013115538,-0.5725605024080812,-0.46483420831495276,0.44552139932802265
224,1721643037.0,483294246.0,-0.5001687812201607,0.05774445161326215,0.4613232629326382,0.5057980304595124,-0.5731605005191828,-0.4644491642071405,0.4471491550871664
225,1721643037.0,493334087.0,-0.5001785915669628,0.057959491846086,0.45978891537779737,0.5043943997699288,-0.5736852346283627,-0.4641112078991115,0.44841089165246795
226,1721643037.0,497320740.0,-0.5001864036766077,0.05802648018150286,0.45910065468129935,0.5038598804319326,-0.5739306885449329,-0.4638893729133029,0.44892698218703736
227,1721643037.0,509317658.0,-0.5001803363630242,0.0582922303043773,0.45701867257642337,0.5022866414074219,-0.5746512250007348,-0.46336903275291264,0.4503034964936838
228,1721643037.0,519303888.0,-0.5001494441637757,0.05847118361238794,0.45531017562890547,0.500907113231739,-0.5751947503689395,-0.462901304818685,0.4516253370427948
229,1721643037.0,523333932.0,-0.5001562836840338,0.058551032796023396,0.45458131825853404,0.5004209093904551,-0.5754416097606908,-0.46272606026349483,0.45202926935529203
230,1721643037.0,533307640.0,-0.5001636812486818,0.05874874570885802,0.4526276072313108,0.4992240946894736,-0.5761324465727525,-0.4621068385762525,0.453104819030466
231,1721643037.0,539305544.0,-0.5001727848852648,0.05884143280959686,0.4513919276583842,0.4985875097505942,-0.5765433157096922,-0.4617287148246037,0.45366826441530533
232,1721643037.0,549314598.0,-0.5001543294190428,0.05904165525908971,0.44936117072075954,0.4973874644352704,-0.5773009541638392,-0.46107462789094283,0.45468616215957364
233,1721643037.0,559327127.0,-0.5001571400673883,0.059241213826035644,0.4471880008062402,0.4964002315751581,-0.5781038183933016,-0.4603320718595288,0.4554966178455418
234,1721643037.0,565355035.0,-0.500156638137119,0.0593583446236775,0.44587847433174743,0.4957886379967133,-0.5786169034912702,-0.4598849291066565,0.4559626710687002
235,1721643037.0,575326528.0,-0.5001510714316036,0.059517306967924566,0.44368051517462986,0.4948381539401941,-0.5794081218267577,-0.4590997233956249,0.45678099100587666
236,1721643037.0,579387661.0,-0.500156228815682,0.059589877669080034,0.4427658486314014,0.4944837698250596,-0.5797737907352865,-0.4587458850801806,0.4570561955362114
237,1721643037.0,591297316.0,-0.500136352593387,0.05980440959540336,0.439872250752938,0.493600623571511,-0.5809295338260666,-0.4576097396595661,0.45768179700218453
238,1721643037.0,601328995.0,-0.5001593904347172,0.059947570799360896,0.43739729626245816,0.49291874153915405,-0.5819119382905868,-0.4566385501358993,0.45813845597606484
239,1721643037.0,605313196.0,-0.5001560702993747,0.060001220050315614,0.4364106229234327,0.4926820759643496,-0.582306349412602,-0.4562076666990194,0.4583211235610507
240,1721643037.0,617313560.0,-0.5001543354041619,0.06017006988540324,0.4334251667924913,0.49207405845366625,-0.5835600600528921,-0.454927121934601,0.458652473051551
241,1721643037.0,627302436.0,-0.5001372769847152,0.06032488771211977,0.4308533496787116,0.49169843136667846,-0.5846570871233212,-0.4537772316601011,0.45879730502141775
242,1721643037.0,631322985.0,-0.5001325248956613,0.060418717278927614,0.4298262201695274,0.4915404783136511,-0.5851461616421222,-0.4533290312085968,0.4587861344440934
243,1721643037.0,641333640.0,-0.500110156646984,0.06055503300771864,0.4273184937979125,0.49116047997485573,-0.5862838349403143,-0.45212697011333663,0.4589268467791808
244,1721643037.0,647313319.0,-0.5000671963119864,0.06067240482795647,0.4258728873645038,0.49094009622256013,-0.5869809545740302,-0.4514279378278156,0.4589596908627919
245,1721643037.0,657294068.0,-0.5000652704816662,0.06078475964512583,0.4232879889700947,0.490834256926441,-0.5881996751984141,-0.45013846089172216,0.4587790757543116
246,1721643037.0,667301972.0,-0.5000253256348267,0.06088985220038823,0.4207789637244226,0.49075753679850864,-0.5894372170671937,-0.4487935790607142,0.4585903734329985
247,1721643037.0,673288742.0,-0.5000263600538467,0.06095960282927082,0.4192457684339785,0.4907476412359861,-0.5902022940490766,-0.44797995337238067,0.4584124410364567
248,1721643037.0,683306198.0,-0.49998456344054726,0.06106329093708537,0.41667673764469804,0.4908523238686809,-0.5914974874624873,-0.44656308951971524,0.4580132373162234
249,1721643037.0,693325885.0,-0.49995576154718796,0.06118302270355899,0.41414274324573563,0.4909613128848409,-0.5928146065869645,-0.4451635557954418,0.45755572344698575
250,1721643037.0,699298789.0,-0.49992778822805617,0.06129863243855124,0.4126236366693899,0.491092071588818,-0.5936473038568828,-0.4443201891587109,0.45715536237916393
251,1721643037.0,709329737.0,-0.49992260501938285,0.06138655865236739,0.4101199589344688,0.4913536523003517,-0.5949856132291491,-0.4428603957428968,0.45655052108598393
252,1721643037.0,713321047.0,-0.4999073311076521,0.06141746655158624,0.40911119110186583,0.4915210880733378,-0.5955145364693558,-0.4422503696168287,0.4562719226587023
253,1721643037.0,725334247.0,-0.49989375451612206,0.061514788721118936,0.406078055509886,0.49202490278867983,-0.5971836459267784,-0.4404202380700534,0.45531659531770624
254,1721643037.0,735317087.0,-0.499864209307606,0.06165677500424031,0.40358498817955313,0.4924436784018149,-0.5986086700541807,-0.43891341249332066,0.45444680664685416
255,1721643037.0,739320180.0,-0.4998506834571517,0.06168411000890581,0.4026539714529378,0.49258714258629654,-0.5991470627013734,-0.43831984658624157,0.4541546171774515
256,1721643037.0,749282845.0,-0.49984440157084226,0.06179096318986394,0.4001103523978171,0.4931704821898923,-0.6005932023842985,-0.4367581380264061,0.453114786355587
257,1721643037.0,761335408.0,-0.49982806790267054,0.06190424159240064,0.3972033376255423,0.49385338808169144,-0.6022827040181191,-0.43490885369481835,0.4519055924623154
258,1721643037.0,765332591.0,-0.49981297973344796,0.061929626681642445,0.39625786360752063,0.49410263384192415,-0.6028189875572901,-0.4342920890301528,0.451511059528671
259,1721643037.0,775317951.0,-0.49978716843378046,0.062020345330198484,0.3938481363813146,0.4947021613920922,-0.6042288364909483,-0.43271641024514124,0.4504817343370828
260,1721643037.0,781339431.0,-0.49977429958753716,0.062084054434296466,0.3923921087639187,0.4951464419530685,-0.6050536389447603,-0.43179028643361644,0.44977465864863453
261,1721643037.0,791322216.0,-0.4997363939055553,0.062194759017592936,0.3900077721522457,0.49583786929874113,-0.606455310771166,-0.4302347588643534,0.4486143284288462
262,1721643037.0,801671286.0,-0.49971564806435687,0.062311830692594994,0.38767797780181235,0.4965292841020309,-0.6078069568259229,-0.42873986951598964,0.44744999446926786
263,1721643037.0,807289834.0,-0.49968846963596203,0.062407605171231256,0.3862841061912152,0.49697238651929493,-0.6086154002292142,-0.42786036251939585,0.4467004049986088
264,1721643037.0,817297573.0,-0.49967398469031143,0.06251324227826233,0.38392459166749304,0.49776121904210324,-0.6099701214117689,-0.42632671618283735,0.4454388295505788
265,1721643037.0,827311903.0,-0.49964754181049104,0.06258603671702118,0.38166365014515996,0.4985491304273712,-0.6112401375676566,-0.4248228185404005,0.4442519911309056
266,1721643037.0,831322843.0,-0.4996357618074518,0.06264950106458157,0.38077030709539517,0.49885470694720807,-0.6117568600785375,-0.424267646137072,0.44372794586860564
267,1721643037.0,843282112.0,-0.4996207026870556,0.06277421767463864,0.37798365828206315,0.4998569379208567,-0.6133160441018298,-0.4224674946910033,0.4421625126457174
268,1721643037.0,847317667.0,-0.49961637715456186,0.06280512220988337,0.37710737539443673,0.5001926517429461,-0.6137992889851713,-0.4219018394384416,0.4416521050126644
269,1721643037.0,857300530.0,-0.49960681175298,0.06291519511230743,0.37479718485646873,0.501010733907113,-0.6151037940052322,-0.4203947000408127,0.440345163806553
270,1721643037.0,867301123.0,-0.49958071909136254,0.06303540054372536,0.3725926325908367,0.5018336172735051,-0.6163224539832464,-0.41897846032934005,0.4390520505251218
271,1721643037.0,873342173.0,-0.4995863220084085,0.06307912194786068,0.37125170280783537,0.5023558840366841,-0.6170335085017989,-0.4181080419201264,0.43828515881946073
272,1721643037.0,883313117.0,-0.4995699529695048,0.06321379463127039,0.3690667360370522,0.503167283684395,-0.6182464143557018,-0.41670951202712386,0.4369751003799894
273,1721643037.0,889331185.0,-0.49956586793502733,0.06328034110321094,0.3677383470724249,0.503689908629916,-0.6189625932745584,-0.4158387001268288,0.4361879864783646
274,1721643037.0,899301645.0,-0.499549368264879,0.0633705948880414,0.3655724828160453,0.5045349086569766,-0.6201151100399155,-0.4144102493568451,0.4349320883479136
275,1721643037.0,909403637.0,-0.4995395504409488,0.0635499366655968,0.36333167990377824,0.5053938666874793,-0.6213168305337363,-0.4130327931859683,0.43352779306889666
276,1721643037.0,913313770.0,-0.4995217282124666,0.06364276176244965,0.3624527153784452,0.5057242617537853,-0.6218108271990197,-0.4124720375416037,0.4329677638091982
277,1721643037.0,923296266.0,-0.4995251278991819,0.06370517455535543,0.3602408757132226,0.5066508102531195,-0.6229541507757279,-0.41097726792316175,0.4316604774027417
278,1721643037.0,935297367.0,-0.4995181654458808,0.06386792955339576,0.357511115930329,0.5078016339717365,-0.6243607681162774,-0.409263012043817,0.42990105692555514
279,1721643037.0,939286392.0,-0.4995317927751059,0.06389894027161813,0.3565956635394284,0.5081873836097665,-0.6248302106189233,-0.4086718557596762,0.4293251743698644
280,1721643037.0,949346506.0,-0.49952635582141,0.06399372657006937,0.3543768007543914,0.5091667953257771,-0.6259614708873158,-0.4071590590511661,0.42795199746564505
281,1721643037.0,955340357.0,-0.499519812003305,0.06411946500714032,0.3530624249976318,0.5097059087555041,-0.6266665656738372,-0.40632925058031444,0.42706608641886357
282,1721643037.0,965293122.0,-0.49953007968287344,0.06425298264033534,0.35087958534815544,0.5106590515157557,-0.6277950288124624,-0.4049108838518695,0.4256147448593459
283,1721643037.0,975284569.0,-0.49951204777667957,0.06440881598872698,0.3487604030143968,0.5115569076426006,-0.6289378284540265,-0.4034689188891575,0.42421641843885277
284,1721643037.0,981391455.0,-0.49951350602157457,0.06449506491351424,0.3474134609899463,0.5121701032889165,-0.629630110357496,-0.4025576313505628,0.42331437829307456
285,1721643037.0,991306875.0,-0.49952342654415716,0.0646242293574519,0.3452303129757293,0.5131647388363235,-0.630756797337904,-0.4010871894120778,0.4218256510889282
286,1721643038.0,1305863.0,-0.49952409843583623,0.06479714841811549,0.34301630835406904,0.5141578411511417,-0.6319333279624966,-0.39956417106011277,0.420298056857376
287,1721643038.0,7294452.0,-0.49952659529857074,0.06491946474324493,0.3417105950329074,0.5147477560719123,-0.6326408899619785,-0.3986953271980508,0.41933553157046743
288,1721643038.0,17333818.0,-0.4995475589794658,0.06502968977608628,0.33951045173973704,0.5158193164772742,-0.6337708156235835,-0.39715446086564954,0.4177718518847949
289,1721643038.0,23280602.0,-0.4995527257310015,0.06511546292306669,0.33818885880121097,0.5164567291575783,-0.6344550206514533,-0.3962289005961561,0.4168236221837496
290,1721643038.0,31307841.0,-0.49956962537835364,0.06522895549951828,0.3364755005377347,0.5172869399186285,-0.6353757855494083,-0.3950059668491386,0.4155503809174897
291,1721643038.0,43302754.0,-0.49958107149926406,0.06542232312634928,0.3339555143240127,0.5185030338925206,-0.6367600167998956,-0.3931707370764294,0.4136520957955195
292,1721643038.0,47342067.0,-0.4995951297817367,0.06545210859892008,0.3331350210246812,0.518941892537889,-0.637184795937913,-0.39256000243519484,0.41302722971110994
293,1721643038.0,57306101.0,-0.4996086750939964,0.0656437733724373,0.3311544331046503,0.5199280864401128,-0.6382903505015384,-0.39111734130877107,0.4114455476911912
294,1721643038.0,63292378.0,-0.49959722356241804,0.06570069937889972,0.3300557763427422,0.5205130968053937,-0.6389083302875079,-0.39023376128479126,0.41058479403993053
295,1721643038.0,73292106.0,-0.4996317503867023,0.06583544749790579,0.3280382678206419,0.5215841226692225,-0.6400392086639847,-0.38868315996811326,0.4089317981147469
296,1721643038.0,83323624.0,-0.4996374163090741,0.06599438952401132,0.32622493111025175,0.5225558644764209,-0.6411061353766236,-0.3872220968033618,0.4074031657105264
297,1721643038.0,89277375.0,-0.49964787315912546,0.06608689445401887,0.32507905216819205,0.52317862426863,-0.6417881342436659,-0.38627971191744337,0.4064235500231193
298,1721643038.0,99295264.0,-0.4996697979227017,0.0662255697805611,0.32325937826289514,0.5242249952911953,-0.6428546868374838,-0.3848038212066074,0.40478639442034164
299,1721643038.0,109297171.0,-0.4996920883589373,0.06637992107938039,0.3214536656205571,0.5253036455188482,-0.6439401441646674,-0.38329072185761065,0.4030947695960187
300,1721643038.0,115318478.0,-0.4997002687720323,0.06647377111530645,0.3204830800562674,0.5258376920777738,-0.6445612733694857,-0.3824627426711342,0.4021911696334239
301,1721643038.0,125317216.0,-0.499735336913704,0.0666390721344706,0.3188015829587085,0.5268355449666342,-0.6456379375580708,-0.3810344333768001,0.40051057754657504
302,1721643038.0,129305922.0,-0.49973010549249375,0.06667279137168462,0.3182297821354014,0.5272479571080817,-0.6460042347045932,-0.38046500118050686,0.3999181208020015
303,1721643038.0,141341851.0,-0.49976327994823344,0.06679598881491987,0.3164304081665777,0.5284182626313173,-0.6471892394932508,-0.3787862432179971,0.39804674342424196
304,1721643038.0,151309770.0,-0.49978467685325384,0.0669371840700572,0.3150256818558217,0.5293480788286186,-0.6481829330582359,-0.37744952452997027,0.3964610361240718
305,1721643038.0,155305293.0,-0.49978834206358647,0.06703425554407547,0.3144869223034984,0.5296952788891254,-0.6485974735348965,-0.37693746929943617,0.3958059790918495
306,1721643038.0,165313883.0,-0.4998033981244392,0.06719132497291357,0.31317494190726325,0.5306490168612111,-0.6495783691630802,-0.37562831680050557,0.3941610468289354
307,1721643038.0,175317088.0,-0.49980836936215,0.06733378791640938,0.31196225989820314,0.5315449207187335,-0.6505128083035218,-0.3743801965221085,0.39259718789523723
308,1721643038.0,181396604.0,-0.4998202000216222,0.06742922528010079,0.3112505014670936,0.5320987940869628,-0.6510891553842774,-0.3736243032657107,0.3916103485371658
309,1721643038.0,191289759.0,-0.4998253953165096,0.06753691590969144,0.31025435296264287,0.5329213771994942,-0.6519654480494789,-0.3724395064729311,0.39015980609442114
310,1721643038.0,197296652.0,-0.49984581715028287,0.06759987723306804,0.30960480039485844,0.5334915223304362,-0.6525076173376656,-0.37170436749385766,0.38917408457381575
311,1721643038.0,207277333.0,-0.4998737103087829,0.06771647805210447,0.308794660443476,0.5342482243566035,-0.6533441702055811,-0.37061470012226844,0.3877692278707507
312,1721643038.0,217288901.0,-0.49988914334059664,0.06787732607844697,0.30805091337420365,0.535023725852472,-0.6542095868904376,-0.3695451547458076,0.3862587316805655
313,1721643038.0,223280594.0,-0.49988948281065465,0.06795369860447141,0.30765176669082295,0.5354888700738958,-0.6546864272237743,-0.3689235074927017,0.3853995299105002
314,1721643038.0,233296752.0,-0.4999218570675715,0.06805396764267747,0.30703521256180977,0.5362289184072588,-0.6554926560781358,-0.3679126781641934,0.3839637823251862
315,1721643038.0,243279859.0,-0.4999353534691952,0.06816521172548443,0.30653962442430205,0.5369700032090646,-0.6562495462754202,-0.3669519280855933,0.3825519979574383
316,1721643038.0,247316295.0,-0.49994763366616746,0.06819393483804892,0.3064232742693772,0.5372176027620599,-0.6565264422164818,-0.3665979904650174,0.3820683071653096
317,1721643038.0,257290801.0,-0.49996319598571826,0.06832071869067839,0.3061465590767578,0.5378436302917405,-0.6572574676829653,-0.3657547320354766,0.3807365579022245
318,1721643038.0,263273775.0,-0.4999668025941608,0.06839701865044802,0.30605002473124887,0.538184879868947,-0.6576628858398531,-0.36530831384160856,0.3799821041936635
319,1721643038.0,273271848.0,-0.49997904328261045,0.06857012971903055,0.30592201440486144,0.538765656135474,-0.6583730286629481,-0.3645807164055757,0.3786257045200265
320,1721643038.0,283335069.0,-0.5000094159975018,0.068668549785256,0.30595214184879577,0.5393319169754497,-0.6589796384678736,-0.3639097685337578,0.37740773678085127
321,1721643038.0,289276319.0,-0.5000288976184162,0.0687183797256097,0.30602800332099156,0.5396576598124916,-0.6593522101493894,-0.3635161386844526,0.3766700015833041
322,1721643038.0,299272112.0,-0.5000464550987144,0.06882184319352719,0.3063063326835008,0.540143511889711,-0.6599075136905027,-0.3629748656627098,0.37552137999773916
323,1721643038.0,309276335.0,-0.5000758445802275,0.06891900160251643,0.3066448619092717,0.5407031338130208,-0.6604519598049352,-0.36247871435304035,0.37423590356293446
324,1721643038.0,315286624.0,-0.5000760844872028,0.06897929572818501,0.3068868397147382,0.5409971116296153,-0.6607785296633562,-0.36218238170928824,0.37352079235798114
325,1721643038.0,325307053.0,-0.5000843288031762,0.06904233907068522,0.30735766597738207,0.5415554429579378,-0.661288804604838,-0.36171141615072777,0.3722629051264325
326,1721643038.0,331283422.0,-0.5000869271064374,0.06908457551506934,0.307779395196196,0.5418042782209949,-0.6615361344896636,-0.36151370603081334,0.37165293920237896
327,1721643038.0,341330542.0,-0.5001133826492419,0.06915203954890874,0.30865253078724125,0.5422106271801127,-0.6619079000213145,-0.36132489911389,0.3705804702661212
328,1721643038.0,351301466.0,-0.5001121861423968,0.0692271767064625,0.3096852358069812,0.5425686312987998,-0.6622296453194054,-0.36122855555989514,0.369574225073656
329,1721643038.0,355290946.0,-0.50011599978461,0.06927427830140806,0.3100931632847021,0.542688418894845,-0.6623783549745307,-0.3611957386070487,0.36916369441042884
330,1721643038.0,365326897.0,-0.5000931712118699,0.06942396118848225,0.31140036633016477,0.5429313710376764,-0.6626309723880708,-0.3613534177356999,0.36819753973365643
331,1721643038.0,377294326.0,-0.5000603268767017,0.06960732856800825,0.31317504299915944,0.5430902156185557,-0.6629117525637533,-0.361631744362831,0.3671832069707709
332,1721643038.0,381366054.0,-0.5000453953813502,0.06966746637585387,0.3137209113533638,0.5432029068871322,-0.6630203742011969,-0.3617314161823937,0.36672192174746565
333,1721643038.0,391301974.0,-0.5000069054330308,0.0698085396783381,0.315300495546306,0.5434149816130807,-0.6631995393443679,-0.3620837845082206,0.365734687674109
334,1721643038.0,397301803.0,-0.4999906511181006,0.06989104761074015,0.31633913120039303,0.5434863723631785,-0.663293506225348,-0.3623576444471681,0.36518656213707595
335,1721643038.0,407266238.0,-0.49995554848110185,0.069964952432883,0.31814655731855535,0.5436236339504622,-0.6633130054762755,-0.3628534075705015,0.36445384617397036
336,1721643038.0,417279924.0,-0.49990927181696343,0.07006595070458259,0.32002732271214485,0.5437764320363098,-0.6633366112212038,-0.36352397636591893,0.36351348088143987
337,1721643038.0,423293720.0,-0.49986881283923207,0.07017086264163944,0.3212030765250029,0.5438034901497383,-0.6633213160165183,-0.3639760787685336,0.3630482198046977
338,1721643038.0,433298333.0,-0.49982963956353743,0.07022167039358031,0.32329715064889086,0.5438444376780744,-0.6631973639315166,-0.3648246059445415,0.3623609953876338
339,1721643038.0,443292877.0,-0.4997930110812223,0.0702863344990116,0.32544393549262735,0.5438298423791424,-0.6630274982327996,-0.3657674559196746,0.3617427363681003
340,1721643038.0,449285099.0,-0.4997521555629467,0.07029487481632449,0.3267496006763792,0.5438705929759683,-0.6628932701442074,-0.3663641005465769,0.3613234511129676
341,1721643038.0,459286291.0,-0.499673883318927,0.07036547963873797,0.3289781844977002,0.5438407799527148,-0.662627644820696,-0.36747770354962583,0.360724199040893
342,1721643038.0,463288381.0,-0.4996500445601897,0.07040218701115768,0.3299430139966465,0.5437555773322362,-0.6625091649914806,-0.3679566287613898,0.36058202641414394
343,1721643038.0,475298841.0,-0.4995617290471644,0.0705324881912894,0.332800531340642,0.5435154815550532,-0.6620912305267115,-0.36956630529223844,0.36006509100751166
344,1721643038.0,485360761.0,-0.4994655829141308,0.07066838717661626,0.3353270217325278,0.5432246813383578,-0.6617088681931557,-0.37103492330485854,0.35969626774200847
345,1721643038.0,491321241.0,-0.49941749384546674,0.07071231661652974,0.33681204874044346,0.543053263313273,-0.6614261925631807,-0.37193433061399805,0.3595461009479821
346,1721643038.0,501314244.0,-0.4993313350463313,0.07077005402494516,0.3393431820958838,0.542678860290173,-0.6609234646691239,-0.3734624282494197,0.35945186483028196
347,1721643038.0,505277427.0,-0.49929838969869905,0.07081717668340676,0.3403628268010672,0.5425170745966894,-0.6607101160060816,-0.37412996772033713,0.3593941201965606
348,1721643038.0,515290751.0,-0.4992262033953129,0.0708516077152418,0.3428869528234883,0.5420685184141498,-0.6601517932106183,-0.3757328738330673,0.35942473313092677
349,1721643038.0,527292439.0,-0.49914087422184605,0.07096129334943523,0.3457997415231686,0.5415523512869475,-0.6595061317441215,-0.3777175093197436,0.3593079405757315
350,1721643038.0,531287211.0,-0.4991208105836775,0.07097136502728792,0.34677827789123594,0.5413567916786752,-0.6592665881574457,-0.3783798886128135,0.35934530710163326
351,1721643038.0,541290157.0,-0.49905523235693416,0.07105154910749757,0.3491991647464713,0.5408114446589157,-0.6586779213138245,-0.38010246588677543,0.35942800771006805
352,1721643038.0,547303299.0,-0.4990276303993927,0.07107606621819999,0.35067763399010815,0.5404449817944563,-0.6582744853132683,-0.38114688245826395,0.35961226012343905
353,1721643038.0,557271237.0,-0.49898791332248005,0.07111931502547629,0.35308734388054225,0.5398227773574217,-0.6576066541831516,-0.38289417644124346,0.3599123602594701
354,1721643038.0,567289124.0,-0.4989611918615223,0.07113924664918377,0.3554387652816856,0.5392034793888717,-0.656901315341448,-0.3846253910803598,0.36028263662559495
355,1721643038.0,573260114.0,-0.49892599075796706,0.071171758433799,0.3568895287313032,0.5387631983931727,-0.6564765173205223,-0.3856817377733994,0.360586183057487
356,1721643038.0,583341341.0,-0.49890071272820663,0.07121674470354476,0.3592612084733147,0.5380079748196196,-0.6557770664312819,-0.38743991597647387,0.36110132882809587
357,1721643038.0,593295489.0,-0.49889174914486906,0.07124200589840482,0.3615967970785485,0.5372655431120474,-0.655022630477752,-0.3891737191715231,0.36171108090951243
358,1721643038.0,599282133.0,-0.49887064965160605,0.07128464714269402,0.3629959248182404,0.5367620295869799,-0.6545898655174653,-0.39022750514581617,0.36210651165529345
359,1721643038.0,609289502.0,-0.4988718809351497,0.07133031391496167,0.36527021224466805,0.5359595077679322,-0.6538518525311265,-0.39195440476142174,0.3627628778732597
360,1721643038.0,613263056.0,-0.4988785376834613,0.0713446435205975,0.36620803022234216,0.5356030113852998,-0.6535361263179877,-0.3926625916170053,0.3630923228834434
361,1721643038.0,623285506.0,-0.4988721477269298,0.07137172318145582,0.3684302172140137,0.5347856355586675,-0.6527592114928075,-0.3943640978319054,0.36384982362594026
362,1721643038.0,635274784.0,-0.4988830220298326,0.07142718556721048,0.3711369657955672,0.5337031714272431,-0.6518394034066637,-0.3963935239424157,0.3648814754841097
363,1721643038.0,639294693.0,-0.4988876161335313,0.07147973662484479,0.3720197903134864,0.5333359160450017,-0.6515365487116873,-0.3970668102010562,0.3652271547763948
364,1721643038.0,649283418.0,-0.49890809181466755,0.07152764439868665,0.3742287881048833,0.5324301963046413,-0.6507637591146018,-0.3987287243786461,0.3661147637577752
365,1721643038.0,659282765.0,-0.4989303078072609,0.07153606136757067,0.37637708852054835,0.5315656047566457,-0.649974261878465,-0.40027194371260405,0.36708832426512844
366,1721643038.0,665305567.0,-0.49894454589333387,0.07155597433025254,0.37766375824358384,0.5310347295606357,-0.6495020871523759,-0.40121292496501176,0.3676647163193526
367,1721643038.0,675307577.0,-0.49897766792733034,0.0716330579335721,0.379803670358172,0.5300839567447581,-0.6487451851429392,-0.40276256587278086,0.36867736448994126
368,1721643038.0,681305584.0,-0.4989804002637812,0.07164496343454171,0.38113522688533114,0.5295114339467224,-0.6482474997480886,-0.4036884013945285,0.3693622814657283
369,1721643038.0,691288425.0,-0.49902795283501955,0.07167598214947732,0.38321617018304727,0.5285877947182044,-0.6474846685116192,-0.4051325780319157,0.37044046962306604
370,1721643038.0,701280218.0,-0.4990369974245342,0.07175415225537643,0.385421500094042,0.5275772982602785,-0.6466814128255567,-0.40666067443076714,0.37160791237249063
371,1721643038.0,707274032.0,-0.49906448717814655,0.07175183163078086,0.38667594099172325,0.5270179329963803,-0.6462077199172968,-0.4074905260923786,0.37231593058109647
372,1721643038.0,715316906.0,-0.4990738549024927,0.07188105767108363,0.3883312806507472,0.5262007450537701,-0.6456361273077356,-0.4086628932998361,0.37317744661184116
373,1721643038.0,727315539.0,-0.4991099024146047,0.07194355959653768,0.3908950885217654,0.5249743195960634,-0.6447060772412202,-0.41034217317083327,0.3746669703220794
374,1721643038.0,731287406.0,-0.49911805464588405,0.07199452052319665,0.39173173112245807,0.5245572965797533,-0.6444160584240909,-0.4108918558084671,0.3751472631919012
375,1721643038.0,743267698.0,-0.4991539043636514,0.07206436482468966,0.39428544894041095,0.5233194700537483,-0.6434823876491219,-0.41253888567061947,0.37666804597376297
376,1721643038.0,747279962.0,-0.4991539379458694,0.07210967106938108,0.39508093958224144,0.5229037716707906,-0.643222927657992,-0.4130326838877415,0.377147070713843
377,1721643038.0,757292560.0,-0.49917919589426746,0.07219416242893824,0.3971489358023267,0.5218692050739633,-0.6424724394391373,-0.4143466246065475,0.3784158718047574
378,1721643038.0,767282181.0,-0.49921042031288865,0.07225172938698617,0.39917557569020246,0.5208462376751201,-0.641719373700136,-0.41560162823142965,0.37972454322701094
379,1721643038.0,773292041.0,-0.49921408627632774,0.07232522426788707,0.40042429856379436,0.5201514103854222,-0.6413213723804934,-0.4163661375567263,0.38051103413455695
380,1721643038.0,783360255.0,-0.49924772235790293,0.07241132736396148,0.40249986666206494,0.5190429462517355,-0.6405814536418197,-0.4176272727580133,0.38188647821722516
381,1721643038.0,793282199.0,-0.4992652666808805,0.07247811878206596,0.4046152531656365,0.5178748595259055,-0.6398601605173548,-0.4188641023123596,0.3833242343601427
382,1721643038.0,799290039.0,-0.49926635207183456,0.07254674144529515,0.4058592021042217,0.5171593279606637,-0.639447530592394,-0.419596212381304,0.38417717745569924
383,1721643038.0,809285343.0,-0.4992377363709092,0.07266255967548624,0.40796669862748464,0.5159072375766957,-0.6387757170414856,-0.42077189588488345,0.3856894050496585
384,1721643038.0,815296907.0,-0.49923411591353106,0.07273532435227573,0.40920572329311083,0.5151538481514472,-0.638369171649986,-0.4214890099852858,0.3865854729335936
385,1721643038.0,825260728.0,-0.4992290868992416,0.07282084500827765,0.41137052484123304,0.5138475653692856,-0.6376387083872535,-0.4227072892259757,0.388195961809909
386,1721643038.0,835260099.0,-0.49921025509870337,0.07290849344875446,0.4134406944850552,0.5125689135197916,-0.6369663977349332,-0.42383597290396735,0.38975631505117486
387,1721643038.0,839260126.0,-0.4992164944140133,0.07294419483225081,0.41423546461949395,0.5120349392035352,-0.6367325979899957,-0.42426113226771145,0.3903771398771474
388,1721643038.0,849256221.0,-0.49920884581815256,0.0730600206588525,0.4163386987745312,0.5106209200747921,-0.6360860973724745,-0.42541559153097425,0.3920233758257011
389,1721643038.0,855286526.0,-0.4992083541461897,0.07307170644227759,0.4175548317647257,0.5098390418735204,-0.6356789138344591,-0.4260488246025001,0.39301255570599936
390,1721643038.0,865282120.0,-0.49922377591950795,0.07315587138281898,0.4195751851717783,0.5083850705833375,-0.6350706759919009,-0.42712165911798766,0.3947112169871315
391,1721643038.0,875277551.0,-0.4992342500526733,0.07321254919237716,0.42162424580411867,0.5069074337940717,-0.6344439427382184,-0.42818105593875594,0.3964678050261652
392,1721643038.0,881287763.0,-0.4992303524250756,0.07325521661169695,0.4228726114288332,0.5059887846390273,-0.6340574953518577,-0.42882294140709176,0.3975642430232114
393,1721643038.0,891267151.0,-0.49926400856961195,0.07328776612236601,0.4248193023510218,0.5045071453733635,-0.6334725424435774,-0.42981413777463817,0.39930550360135814
394,1721643038.0,901298723.0,-0.4992825234000983,0.07337681320461767,0.42676965599562167,0.5029364025430795,-0.6329307818625723,-0.4308389252161778,0.40103792948601164
395,1721643038.0,907252314.0,-0.499292483079465,0.07339499750620165,0.4279592313861682,0.5019740932634155,-0.63258010678457,-0.4314355810893064,0.4021538978586759
396,1721643038.0,917272771.0,-0.49932747066369965,0.07341938081642578,0.4298836297537925,0.5003723046458147,-0.6320225187364967,-0.43237272594643555,0.40401598781614984
397,1721643038.0,921305152.0,-0.4993391707686272,0.07340799731397263,0.4306539878477192,0.4997204540683415,-0.6317919951743376,-0.43274218492350935,0.40478703537414307
398,1721643038.0,933263606.0,-0.49934801644512516,0.07345332648575058,0.43293088798979074,0.4977564642468496,-0.6311316295289415,-0.4338498290453187,0.4070450765529113
399,1721643038.0,943262298.0,-0.4993459274319716,0.07346844608591946,0.4348825964416458,0.4960241993267209,-0.6305534197485348,-0.4348030637695911,0.40903383021736767
400,1721643038.0,949257303.0,-0.4993561294810215,0.07346405881660076,0.435987224308526,0.49499738909625246,-0.6302489584328006,-0.4353121133231545,0.41020385075763505
401,1721643038.0,957256366.0,-0.49936458615987905,0.0734575179790136,0.437485914299639,0.49353464443865364,-0.6298457342119343,-0.4360085262204794,0.41184277448668033
402,1721643038.0,963251371.0,-0.4993672595793689,0.07339810921587189,0.43858879837125214,0.4925280175931769,-0.6294966249725129,-0.4364683148952455,0.4130926786163796
403,1721643038.0,973254050.0,-0.49940318757444735,0.07333142238297455,0.4403481866410433,0.49076391875513703,-0.6290042123089824,-0.43725317399404334,0.4151073822251212
404,1721643038.0,985337700.0,-0.4994300556071351,0.07328785871432564,0.44240866934899914,0.4886128653766308,-0.6284358285593494,-0.4382027905136288,0.41749753479204094
405,1721643038.0,989262764.0,-0.4994314128017667,0.07327088591090368,0.4431316382207136,0.48783264745066046,-0.6282450098382386,-0.4385390486744636,0.4183431826650551
406,1721643038.0,999266843.0,-0.4994635792594574,0.07319354761745289,0.44482924653273576,0.48597515120433826,-0.6277838794343769,-0.4392628484443122,0.4204327569431689
407,1721643039.0,9261253.0,-0.49949936962112623,0.07308900105717131,0.4464874673833875,0.48407244269803124,-0.6273259801722608,-0.43999624260615716,0.42253910033716063
408,1721643039.0,15277359.0,-0.49951980482560926,0.07299608602259433,0.44746803531742607,0.4829675027803486,-0.6270313811641632,-0.4404119235511008,0.42380582332891004
409,1721643039.0,25280906.0,-0.4995401999893272,0.07285780273477792,0.4491434657893246,0.48101361906318807,-0.6265427949710829,-0.4411296419223283,0.4259984311743839
410,1721643039.0,31295810.0,-0.4995563489926153,0.07274139030198126,0.4501333174439914,0.47984324821485774,-0.6262398873469646,-0.441514901893723,0.42736243639802024
411,1721643039.0,41257366.0,-0.49955562656623037,0.0725707270549551,0.4517483716227824,0.47785534212828784,-0.625786212797333,-0.44218180678876357,0.4295592364473757
412,1721643039.0,51272100.0,-0.499607514324434,0.07236750820857649,0.45324441067197124,0.4759287985594165,-0.6253373971501494,-0.4428084677106464,0.43170079841368864
413,1721643039.0,55278337.0,-0.49960225752378684,0.0722978130022706,0.45384606451852777,0.4751597360317628,-0.6251600012689782,-0.4430536080631066,0.4325525383694561
414,1721643039.0,67271005.0,-0.49962085638383547,0.07203308947075562,0.45562696766287286,0.4728105545364402,-0.6246479386990378,-0.4437769168632817,0.43511743272053255
415,1721643039.0,77269754.0,-0.499659648310639,0.07174160789411989,0.4570577871107993,0.47083889368005016,-0.6242017515957491,-0.4443414019188679,0.43731410684280514
416,1721643039.0,81295555.0,-0.49966442969950986,0.0716336935237136,0.45765336441128474,0.46999970239120453,-0.6240264419915534,-0.4445908497038999,0.4382125692025572
417,1721643039.0,91283357.0,-0.49968176871770364,0.07133717107942358,0.45908094837444097,0.46802120282790266,-0.6235558130250292,-0.4451701878592603,0.44040640956685567
418,1721643039.0,97305950.0,-0.49969186687275813,0.07111458858086858,0.4599608201314749,0.4667611148114704,-0.6232725332545724,-0.4455053339771161,0.4418035857576527
419,1721643039.0,107292061.0,-0.49970950974113404,0.07076209578423909,0.4613725143888909,0.4646813650722452,-0.6228133818790241,-0.4460700542197982,0.44406781805863155
420,1721643039.0,117318067.0,-0.4997338376751739,0.07034782244275178,0.46271128046431725,0.46268803946876186,-0.6223517863755432,-0.4465954474338415,0.4462628580322258
421,1721643039.0,123252138.0,-0.49973848519796327,0.07009813159968283,0.46355255661080325,0.4614547043266737,-0.622043882639504,-0.4469252911591504,0.44763684840265516
422,1721643039.0,133294448.0,-0.4997485696678603,0.0696361541872443,0.4648585707734638,0.4594436813286039,-0.6215899226285609,-0.447420416008376,0.4498360180251596
423,1721643039.0,143273260.0,-0.49976005963819703,0.0691720047171415,0.4661142875939093,0.4574861197114452,-0.6211377900987445,-0.4478997527838479,0.45197356940288125
424,1721643039.0,149270185.0,-0.49979795140152095,0.06880780571608487,0.466843183766121,0.45630706914669567,-0.6208610916008305,-0.44814993123051217,0.45329571222444326
425,1721643039.0,159277322.0,-0.4997934472536503,0.06833057023036543,0.4681050666453356,0.4542582881819056,-0.6204046779690324,-0.4486591735963571,0.45546941622903697
426,1721643039.0,163281817.0,-0.49980104086376387,0.06811491392539698,0.46857056118873863,0.4534691026484104,-0.620226046895422,-0.44885028063130916,0.4563100363491012
427,1721643039.0,175297742.0,-0.4997826352835937,0.06744875861454523,0.4700926812749342,0.4509691661353905,-0.6196298646465285,-0.44949715423664277,0.4589531025785045
428,1721643039.0,185381913.0,-0.4998220372362773,0.06678917128179776,0.47120395341794324,0.4490103368393286,-0.619169546820193,-0.449939792768184,0.46105636595283367
429,1721643039.0,189245761.0,-0.49982175305342286,0.06653104934925091,0.471695214612682,0.448170748873243,-0.6189732561581419,-0.4501289016646153,0.461951360969519
430,1721643039.0,199256072.0,-0.49981896480364657,0.06585548201137603,0.4728424072127672,0.4462205006304449,-0.6184681686632599,-0.45058765687633073,0.4640637376892603
431,1721643039.0,205262008.0,-0.4998433615536342,0.06535655645668503,0.47348821716595696,0.4451024826865974,-0.6181444102311279,-0.45083767866802765,0.46532424770203257
432,1721643039.0,215258154.0,-0.49986007254734244,0.06456125278157614,0.47460560728204826,0.44323610519524803,-0.6175739620555089,-0.4512339119648409,0.4674741844586865
433,1721643039.0,225262576.0,-0.4998856503424113,0.06384500888648645,0.47564854513493154,0.44121324330044925,-0.617105345195485,-0.4517874775198315,0.46946772202541004
434,1721643039.0,231242596.0,-0.4998869092514562,0.06336176091308596,0.47625671168937167,0.44013098025747094,-0.6167706847260201,-0.4520171906280126,0.4707006501556514
435,1721643039.0,241253450.0,-0.499915970926516,0.06246073870472128,0.4772493964565181,0.4383717572731894,-0.6161872711522234,-0.452412195715632,0.47272259779172077
436,1721643039.0,251263209.0,-0.49991422761585774,0.06162788162799156,0.47823446426860255,0.43654822900496565,-0.6156355886038425,-0.45283338811239116,0.4747213797667859
437,1721643039.0,257253899.0,-0.49991068443306563,0.06112003833747395,0.47882177384477753,0.43545428376434553,-0.6153004154581492,-0.45314599471701444,0.4758609807078505
438,1721643039.0,267273486.0,-0.4999031584249536,0.06025719157071839,0.47977811388809366,0.43367786529927543,-0.6147393710845174,-0.45356211103686356,0.47780793863210297
439,1721643039.0,271282064.0,-0.49990242860113077,0.059956531058379454,0.48013655539135874,0.4329553062287522,-0.6145510568354814,-0.4537656625444849,0.47851167681293316
440,1721643039.0,283261518.0,-0.49989503704454774,0.058846016401466694,0.4811896250586758,0.4309443384775937,-0.6138502382866816,-0.45432759063238365,0.48068836316231617
441,1721643039.0,293263680.0,-0.4999050823287804,0.05792412334425259,0.48200536360887763,0.42933550744292864,-0.6132737127005871,-0.45481017088671344,0.4824044815475488
442,1721643039.0,297255773.0,-0.49991906862655777,0.057516955288769656,0.4823221440392182,0.4287127210443265,-0.6130252683177131,-0.4549932950466175,0.4831009466782146
443,1721643039.0,307240879.0,-0.4999200331942185,0.05647212699629693,0.4831293297227671,0.427252634433687,-0.6123726641269616,-0.45535909793022095,0.48487420897764516
444,1721643039.0,317297462.0,-0.4999301083184169,0.055478850065186325,0.48388651921143216,0.4257218574962638,-0.6117717416693167,-0.45585244287507753,0.4865128841764068
445,1721643039.0,323266493.0,-0.4999248144860862,0.054830202853784885,0.4843391585823274,0.4249190588808209,-0.6113700758705195,-0.45606829496028817,0.4875162910733634
446,1721643039.0,333244072.0,-0.4999258801853634,0.05381261197082838,0.4850405097512796,0.42351493111291516,-0.6107477279138398,-0.45657094542525095,0.48904528191773566
447,1721643039.0,339242527.0,-0.4999183040055859,0.05323176942980076,0.4854737153882215,0.42263951638980923,-0.6103673134106121,-0.45686122652141153,0.49000551181292973
448,1721643039.0,349238779.0,-0.4999318695222656,0.0521205627618149,0.4861315527824292,0.42127891508946447,-0.6097209909038223,-0.45737343430585786,0.49150170960391387
449,1721643039.0,359248547.0,-0.49991909562748993,0.05105504318654269,0.48676764555230934,0.42003999389824637,-0.6090529619800269,-0.45785093194526055,0.4929436247139966
450,1721643039.0,365260983.0,-0.4999333487851806,0.05036954783258216,0.4870946244288917,0.4193688129619685,-0.6086523686427976,-0.45816422745851976,0.4937181721769204
451,1721643039.0,375249630.0,-0.4999131914179807,0.049170959531839406,0.487713755204005,0.4182120382975081,-0.6079192086267233,-0.45867470345171296,0.495126694108877
452,1721643039.0,385313673.0,-0.49993993756297234,0.04788243704866277,0.4882401272415144,0.4171277102554168,-0.6072236437012876,-0.45913134746891876,0.4964698637768255
453,1721643039.0,389272948.0,-0.49995240123427964,0.04736537133030315,0.48843271310622394,0.41670766089788785,-0.6069333535465016,-0.4593210858073744,0.49700178051445937
454,1721643039.0,401276645.0,-0.4999611978618781,0.04571797129391289,0.4890762954843321,0.4155116264053841,-0.6059570487861655,-0.45993845623527024,0.4986208577909967
455,1721643039.0,405295490.0,-0.49996901437754937,0.04516087796153319,0.4892735511780085,0.41511225512188515,-0.6056269453283808,-0.46013410750003697,0.4991737391479862
456,1721643039.0,415275718.0,-0.49995554319168384,0.043711775261156466,0.48984039241614824,0.41419359541899387,-0.6047023432474169,-0.4606447299774579,0.5005848323001456
457,1721643039.0,427254874.0,-0.49998796934223544,0.04189118039084886,0.4903708572695104,0.413199780258255,-0.603615568812301,-0.4613747349656859,0.5020433652756257
458,1721643039.0,431252591.0,-0.4999882695524217,0.0413215842960299,0.49055611415783545,0.4128289169824751,-0.6032660380727823,-0.46163412411826193,0.5025299076280039
459,1721643039.0,441258816.0,-0.5000031876967465,0.03963611166978338,0.4909911038499483,0.4120340451085939,-0.6022829750593919,-0.4622386575950938,0.5038041157530798
460,1721643039.0,447248813.0,-0.5000038951215898,0.038702839217908416,0.4912485832352847,0.411584086196823,-0.6016721663166242,-0.46262965928942623,0.5045423100346847
461,1721643039.0,457270653.0,-0.5000217443635936,0.0369696132115281,0.49165041984531344,0.4108726343336617,-0.6006135418883631,-0.46326225209738997,0.5058014802644284
462,1721643039.0,467246832.0,-0.4999963196649617,0.0352097092186788,0.4921163338564904,0.41015785434826213,-0.5994470797809848,-0.4638322331817576,0.5072409610038441
463,1721643039.0,473260288.0,-0.49998071318097426,0.034126231163475546,0.49238923241600385,0.40966665507334526,-0.5987522362318232,-0.4642826182501014,0.5080459051298795
464,1721643039.0,483231010.0,-0.49996803988609095,0.032342850756479226,0.49278428988701245,0.4089697341332568,-0.5975613195682938,-0.4650050170754024,0.5093471900516163
465,1721643039.0,493262223.0,-0.4999726183997038,0.030302334235681568,0.4930946166715358,0.40845641846846487,-0.5962499340711134,-0.4657253803967368,0.5106361134765364
466,1721643039.0,497262607.0,-0.49995801805937046,0.029520968881306047,0.493258132611318,0.4082357722618881,-0.5956976973866956,-0.4659982120791129,0.5112078578357326
467,1721643039.0,507259534.0,-0.4999715071808037,0.027509047673308595,0.4935143793584633,0.4078403674028009,-0.5943253701930769,-0.4667078082198034,0.5124718634308403
468,1721643039.0,513268174.0,-0.4999882404683332,0.026192040300325528,0.49362979270262686,0.40768908046611063,-0.5934367249505782,-0.46712225058914736,0.5132438700590186
469,1721643039.0,523266672.0,-0.499994173210581,0.024116231566227823,0.49384708842296615,0.4074244014063063,-0.5919486864374575,-0.4678079945241482,0.5145461981425733
470,1721643039.0,533269731.0,-0.49996929967595694,0.0220300154166319,0.4940557292730423,0.4070976747773499,-0.5904474429000067,-0.4686626535231636,0.5157505381057255
471,1721643039.0,539243382.0,-0.4999572301116316,0.020793305018202528,0.49415018472553995,0.40698769051581557,-0.5895082491918519,-0.469145842239681,0.5164718991509418
472,1721643039.0,549272596.0,-0.4999604258791348,0.0185484742455523,0.4942634740445772,0.40694438404681066,-0.5878386796801367,-0.4699097441746778,0.5177130356620012
473,1721643039.0,559225202.0,-0.49995837881987343,0.01645356294252313,0.49432379492901557,0.40692795299345136,-0.586211238171908,-0.4707170664386784,0.5188366493193045
474,1721643039.0,565272444.0,-0.4999528306608232,0.015127960021132677,0.49433188164345704,0.4070237585237946,-0.5851511982070283,-0.4712650381206997,0.5194602959602769
475,1721643039.0,575282256.0,-0.4999371128385485,0.012943927550899846,0.4943630070448293,0.4072549626590189,-0.5833418890500279,-0.4720554379679795,0.5205951395796979
476,1721643039.0,579253686.0,-0.4999266781112349,0.01206207978687848,0.49436508162291415,0.40733882668726673,-0.5826066395883541,-0.4724302352642419,0.521012722098779
477,1721643039.0,591289829.0,-0.4998887874786745,0.0095145922159426,0.4943640070703472,0.40761037755413343,-0.580400476900398,-0.4735036460343936,0.5222866681393495
478,1721643039.0,601270335.0,-0.49991171843832605,0.007245155233981738,0.494222225866749,0.40817301288423097,-0.5785187758254674,-0.4743121649053516,0.5232005235024241
479,1721643039.0,607274007.0,-0.49992450141491873,0.005911021356298346,0.4941143967193518,0.40858139299120566,-0.5773701831604592,-0.4747812852050398,0.5237247827988232
480,1721643039.0,617239177.0,-0.4999441626849743,0.0037106860211858026,0.49396575700996387,0.40930173411586623,-0.5754082832007464,-0.4756607099317199,0.5245229137997371
481,1721643039.0,627240768.0,-0.49994940016224865,0.0016397793222225811,0.4938577530210232,0.4100988253316151,-0.573359928445956,-0.47662839715004973,0.525264425736459
482,1721643039.0,631260100.0,-0.4999759715691108,0.0007828501078222961,0.4937766281440646,0.4104797170393643,-0.5725885927242435,-0.4769540883492271,0.5255126097329269
483,1721643039.0,643247743.0,-0.500031680610906,-0.0017283314691018715,0.49356154917916856,0.4116271599370797,-0.5702479172146326,-0.47801145262801253,0.5261990547986234
484,1721643039.0,647261646.0,-0.500029346949457,-0.00252018873674564,0.4935449078431503,0.41201323528156014,-0.569447897478892,-0.4783334341700667,0.5264706181400457
485,1721643039.0,657261807.0,-0.5000949572722686,-0.004608157002839066,0.4933960830681968,0.41320922900890367,-0.5674208871333277,-0.47917305042627595,0.526958117550031
486,1721643039.0,667245774.0,-0.5001880112169954,-0.006596813227380861,0.4932598896481552,0.41448815709300524,-0.5654127986798754,-0.47994545335959676,0.5274090409900896
487,1721643039.0,673251193.0,-0.5002646172816735,-0.00783139043529943,0.4931344095219039,0.4153691482927106,-0.5642309534254099,-0.48044616978102794,0.5275257148101701
488,1721643039.0,683253659.0,-0.5003587217884903,-0.009718116933856222,0.49306092049712813,0.4168586744815243,-0.562207630626136,-0.48131504065864755,0.5277189187541198
489,1721643039.0,689320405.0,-0.500441467963302,-0.01083457094385093,0.4930143218448787,0.417778841503715,-0.5610175706566464,-0.4818466944979644,0.5277725722389462
490,1721643039.0,699244098.0,-0.5005686912209093,-0.01273483015800256,0.4929872624992788,0.41949248413649876,-0.5589670519303257,-0.48259526213439496,0.5279050137806467
491,1721643039.0,709250037.0,-0.5007118431837921,-0.014660378270566578,0.492983097809732,0.4212767209232218,-0.5569333885720602,-0.48333284167050716,0.5279587950442087
492,1721643039.0,715272390.0,-0.5008080824980501,-0.015734009287182056,0.49300804448324764,0.42232269969124103,-0.5557554992978163,-0.4837503587486655,0.5279819625103438
493,1721643039.0,725259338.0,-0.5010335209777711,-0.01754639990501064,0.4929650438561157,0.4243180975593953,-0.5537949733211115,-0.4844092854513818,0.527837971139181
494,1721643039.0,735273439.0,-0.5012655580595539,-0.01929557425714032,0.49296437211457567,0.426438939162538,-0.5518085969662676,-0.4851486061901584,0.5275300307961573
495,1721643039.0,739249479.0,-0.5013317717976331,-0.019929588293169084,0.49301744826948657,0.4272280890026527,-0.5510401361538146,-0.4854444257292106,0.5274226368323263
496,1721643039.0,751280024.0,-0.5016040506521997,-0.02191194052092124,0.4931560648122683,0.4297546746889271,-0.5487145551933004,-0.48621736032652463,0.5270824745892616
497,1721643039.0,755278636.0,-0.5016968593754569,-0.022517182853844325,0.49320652258052056,0.43056873244748417,-0.5479738678807833,-0.4864801115507803,0.5269462096114563
498,1721643039.0,765280194.0,-0.5019402872482084,-0.024060512129699216,0.4933226101174876,0.43268442706574434,-0.546139550039527,-0.4870739277808235,0.5265688628599043
499,1721643039.0,777239377.0,-0.5022073482501053,-0.02577490521948771,0.4935414624859153,0.43524079145537387,-0.5439312769893117,-0.4877574316166326,0.5261149183104605
500,1721643039.0,781265259.0,-0.5022957259618871,-0.026365334754063025,0.4936155785730962,0.43612305011436664,-0.5431923282379348,-0.487953564849398,0.5259658717570539
501,1721643039.0,791285319.0,-0.5025208094059637,-0.02770679942442843,0.49383042935858334,0.4382748844283472,-0.5413551937057013,-0.4884944604882896,0.5255690649186235
502,1721643039.0,797265261.0,-0.5026722050314929,-0.02851559761535328,0.49391980720079415,0.4397048361571832,-0.5402036327154104,-0.48887744326733545,0.5252033298880081
503,1721643039.0,807239830.0,-0.5028885191579759,-0.029665584901167913,0.4941191855962733,0.44182895872244254,-0.5384714855952827,-0.4894310216704701,0.5246836241599802
504,1721643039.0,817242327.0,-0.5031205267285745,-0.030858434652553217,0.4942546469115054,0.44403957430997937,-0.5367430648500655,-0.48991766348325133,0.524133973130041
505,1721643039.0,823249878.0,-0.5032726872606808,-0.03156859770927534,0.4942909746799591,0.44541958045373403,-0.5357091848765098,-0.4901715494642596,0.5237832745355392
506,1721643039.0,833240556.0,-0.5035104624458278,-0.032686900202900326,0.4943578730006191,0.44769401387232644,-0.5339892919669803,-0.4906048743246327,0.5231943838540315
507,1721643039.0,843247605.0,-0.5037467498121938,-0.03376028740567917,0.49438320056999824,0.4499665062128168,-0.5322966784479601,-0.4910202765674221,0.5225796373755415
508,1721643039.0,847243427.0,-0.5038303767335439,-0.03412968595452019,0.49438435736855224,0.450830227339813,-0.5316705340742195,-0.49118558596162226,0.5223172115271567
509,1721643039.0,859244130.0,-0.5041107043741602,-0.03524408875693376,0.4943535527506796,0.4535430166062233,-0.5296319900638286,-0.4917920438194854,0.5214683814236575
510,1721643039.0,863255375.0,-0.5042167469456653,-0.03557923129380544,0.494289695991119,0.4544767219217071,-0.5289882689011927,-0.49199140275478087,0.5211206963953761
511,1721643039.0,873242274.0,-0.5044095257922881,-0.036439873275495055,0.49421824848666385,0.45672147219266285,-0.5273195510178859,-0.49239585304431116,0.5204670132268011
512,1721643039.0,883277641.0,-0.5046017412656963,-0.03725832464537858,0.49407615493340956,0.45899161116517373,-0.5256737620432845,-0.4927842839009551,0.5197667229820326
513,1721643039.0,889289342.0,-0.5047204542188048,-0.03774467136908979,0.493976561789837,0.4603931944620437,-0.5246276047001548,-0.4930187871254152,0.5193615873560516
514,1721643039.0,899269196.0,-0.5049149834801845,-0.0385064810431192,0.49374645473492784,0.46277325196895774,-0.522916168346301,-0.4934107040490022,0.5185995326588394
515,1721643039.0,909238674.0,-0.5050629350483455,-0.039162407837292454,0.49352736436273736,0.465094043765808,-0.5212012121308655,-0.49385464370306464,0.5178266291142282
516,1721643039.0,915260409.0,-0.5051526473942544,-0.03955002968192802,0.49335340759310636,0.4664923147187598,-0.5201860162604798,-0.4941274035788663,0.5173292354272989
517,1721643039.0,925285939.0,-0.5052935328128672,-0.04020696792695258,0.49300551903690143,0.4689975980229564,-0.518378101525219,-0.49454918749162713,0.5164750701236012
518,1721643039.0,931269862.0,-0.5053775252231594,-0.040614684417719434,0.4927864632734218,0.4705363852023698,-0.51724542329871,-0.4948310723253014,0.5159407835581694
519,1721643039.0,941255167.0,-0.5055174828037569,-0.041261767072770954,0.49232146440954816,0.4731079027279753,-0.5154518946425443,-0.4951777260643366,0.5150507511842896
520,1721643039.0,951294432.0,-0.5056559853750557,-0.04195208947406487,0.4917442309537502,0.47587378442706607,-0.513559819751695,-0.49549861555814145,0.514083237240463
521,1721643039.0,957247128.0,-0.5057165523186486,-0.042279221506443594,0.4913919434709442,0.47746036828034205,-0.5124722523784597,-0.49572379623154905,0.5134799948523118
522,1721643039.0,967240521.0,-0.5058383463703093,-0.04281925427070434,0.4906982134588794,0.4802220283871284,-0.5106284808885987,-0.4960534430176461,0.5124220327303395
523,1721643039.0,973260882.0,-0.5059229220543537,-0.043171009580395596,0.49022785296069626,0.48193512200652666,-0.5095353269633018,-0.496191711007616,0.5117675983102972
524,1721643039.0,983259475.0,-0.5060493087260401,-0.04370029488781352,0.48938193912364086,0.48486396883824917,-0.5076596472656021,-0.4964385823573907,0.5106244688688253
525,1721643039.0,993237469.0,-0.506200859164076,-0.044262200198664135,0.4883782333465393,0.4880169823073595,-0.5057355442442761,-0.4966975912662366,0.5092764348542772
526,1721643039.0,997253638.0,-0.5062556935975886,-0.044407061012707506,0.487961279250813,0.48930650090987066,-0.504941071642955,-0.496851487048594,0.5086769723046287
527,1721643040.0,9296293.0,-0.5063921416773582,-0.044963950870608706,0.4866415792150271,0.4930876099478988,-0.5027245905915827,-0.497022198842186,0.5070518008926432
528,1721643040.0,13230119.0,-0.5064423294402437,-0.0451176658037582,0.4861590688582511,0.4943935400636709,-0.5019468999981038,-0.49708537600822944,0.5064883671757546
529,1721643040.0,23250578.0,-0.5065349521202209,-0.045514781303412244,0.48494115088506046,0.49769800717167895,-0.5000794982548538,-0.4971756165303668,0.5050085102353848
530,1721643040.0,33264423.0,-0.5066190701746613,-0.04577825048777621,0.4837018120688551,0.5008658944807947,-0.49830270497572704,-0.4972767265266883,0.5035311581369403
531,1721643040.0,39240901.0,-0.5066433951980136,-0.04591836657541473,0.4828952997686322,0.5028155087800981,-0.49726187793818893,-0.49729023063471145,0.5026028406156021
532,1721643040.0,49238772.0,-0.5067085537306562,-0.04619441883288592,0.4815261238528052,0.5061940626704777,-0.4954358774039647,-0.49723143255548585,0.5010706185528538
533,1721643040.0,59251096.0,-0.5067512253050432,-0.04639676750399697,0.4800547892950698,0.5095399465684025,-0.4937096507704709,-0.49714732066198175,0.49946407793332037
534,1721643040.0,65299815.0,-0.5067421053347904,-0.04647276025989965,0.47920869892043677,0.5114978377666645,-0.49270192124131396,-0.4970926153590114,0.49851149487317054
535,1721643040.0,75237418.0,-0.5067495939053036,-0.046462703028171695,0.4776720019063177,0.5147510784240416,-0.49111541986220797,-0.4970173286778032,0.496800509891882
536,1721643040.0,79259259.0,-0.5067563031042011,-0.0464622563940981,0.4770146726321661,0.5160285709917489,-0.49057420397726664,-0.4969148396216028,0.49611198985322014
537,1721643040.0,91270569.0,-0.5067359228612576,-0.046338564248508345,0.4750551451711068,0.5199015455139333,-0.48881209039478213,-0.49670792382363416,0.4940104874058059
538,1721643040.0,101285303.0,-0.5067002013979973,-0.04628773362233783,0.47334529855204727,0.5231992427438386,-0.4873691712385357,-0.49637221155100203,0.4922890115760296
539,1721643040.0,107279360.0,-0.5066760077061981,-0.046183609582661225,0.47229345995215066,0.5251116025912151,-0.48658108804820005,-0.4961243094253705,0.4912813035065703
540,1721643040.0,117254541.0,-0.5066124616084278,-0.046004713535520665,0.4705169351327174,0.5282758615761496,-0.48533698375996737,-0.49572074493156176,0.48952381894577063
541,1721643040.0,127233573.0,-0.5065551858957779,-0.045715173960638705,0.46861003138874313,0.5314253970151511,-0.48420595553048507,-0.49528455555047585,0.48767289146441856
542,1721643040.0,131268620.0,-0.5065331171697495,-0.04559769684677875,0.4678354658696176,0.532671485837315,-0.48380323761492644,-0.49510382240555567,0.4868960058252586
543,1721643040.0,141250565.0,-0.5064276200583766,-0.04521928010573439,0.46590162456908146,0.5357620149759722,-0.4827723977201008,-0.4945978786999149,0.4850389816231426
544,1721643040.0,147249896.0,-0.5063906202222246,-0.044975682325682734,0.46469808975590576,0.5375651163463584,-0.48226017167031104,-0.4942933813974748,0.4838625069321852
545,1721643040.0,157278650.0,-0.5062777109500944,-0.04451656242635542,0.46280231156332313,0.5404666082604059,-0.48135830457056333,-0.493781899821246,0.48204715888112737
546,1721643040.0,167244736.0,-0.5061451946827659,-0.043983557115418105,0.4607790132815211,0.5433139674415995,-0.480638181270722,-0.49318675569263554,0.4801704858662325
547,1721643040.0,173249503.0,-0.5060736073036686,-0.043660389744409236,0.4595432178490025,0.544990491871627,-0.4802724711762178,-0.49278660495082127,0.479046009461361
548,1721643040.0,183238449.0,-0.5059053802540587,-0.042959987309732335,0.45749183725353093,0.547695189687617,-0.4797215813346881,-0.49221069351758623,0.4771014743026144
549,1721643040.0,189352911.0,-0.5058208834312952,-0.04253243593851504,0.45625790990882725,0.5492495694550241,-0.47947159964226693,-0.4918147170338995,0.47597287706215125
550,1721643040.0,199242666.0,-0.5056266360885905,-0.041780992174882695,0.4542065731328434,0.5518165807948825,-0.47904831234768797,-0.49116743195947615,0.4740946417952961
551,1721643040.0,209224806.0,-0.5054350982156159,-0.040949108902163696,0.4521850535447577,0.554194601193,-0.47879883747063484,-0.4905376033489217,0.47222121611168266
552,1721643040.0,213224922.0,-0.5053576952442689,-0.040593324266629295,0.4513489697221235,0.555158865188335,-0.4786945522355619,-0.4902800893920022,0.47146112672050206
553,1721643040.0,225242698.0,-0.5051288287703914,-0.0395940674122686,0.4487740325693958,0.5580535567271099,-0.4785112329469444,-0.48938362640570526,0.4691555115031886
554,1721643040.0,235279861.0,-0.5049350246029307,-0.03869461265987648,0.4465885932053132,0.5604324651499167,-0.4784119590198988,-0.4886567184596639,0.4671745508661218
555,1721643040.0,239238408.0,-0.5048446976723652,-0.03833480123382016,0.4457724334525986,0.5612762636834073,-0.4784151461301306,-0.48837300661987,0.46645440311347536
556,1721643040.0,249247221.0,-0.504645062206007,-0.0373971067187029,0.4436902740284825,0.5633787677197217,-0.47845951714776186,-0.48767099226490046,0.4646050557588735
557,1721643040.0,255264465.0,-0.5045058397839467,-0.036780425233011386,0.4424063637435486,0.56465761800133,-0.47852104662386713,-0.48726079638484976,0.4634180603704011
558,1721643040.0,265288677.0,-0.5042831670465013,-0.03575204045440872,0.4402989291093857,0.5666380729811025,-0.4787263829785251,-0.4865387195668386,0.46154351782992525
559,1721643040.0,275264716.0,-0.5040807972525159,-0.0347041142544532,0.43813790729677815,0.5686168970421988,-0.4790118325405282,-0.48579751438741264,0.4595903215900855
560,1721643040.0,281277315.0,-0.5039223204996636,-0.03400492982685696,0.43691255514596783,0.5696870164284009,-0.47919946389210094,-0.48539732668654995,0.4584910166666091
561,1721643040.0,291279085.0,-0.5036899479253739,-0.03291143825180032,0.4347238793621932,0.5716040215842033,-0.47956568367818414,-0.4846540586371675,0.45650415221941015
562,1721643040.0,301266207.0,-0.5034634519170509,-0.03173689469623011,0.43262121676203746,0.5732675960771553,-0.48006645369359624,-0.48396057524812963,0.4546236079785928
563,1721643040.0,307240986.0,-0.5033273239634768,-0.030959106266131527,0.43130869555506285,0.5742754689747781,-0.4804317254370649,-0.4835629221306376,0.45338718913070575
564,1721643040.0,317234839.0,-0.5030746467736192,-0.02973379811569544,0.42925282439616386,0.5758201808421852,-0.4810265278514798,-0.4828766052543797,0.4515249527280068
565,1721643040.0,321275839.0,-0.5029819106561103,-0.029269408424621078,0.42840073806459583,0.5764753699928137,-0.4812476760098129,-0.4825826454929775,0.4507669158177005
566,1721643040.0,333242588.0,-0.5026840766976002,-0.027788217086586235,0.42597813848504185,0.5781351916710887,-0.48211223278844045,-0.48178773900961563,0.4485622249891098
567,1721643040.0,343233311.0,-0.5024383346943422,-0.02655702902205616,0.423902816056384,0.5795497536145379,-0.4828400462086823,-0.48106446491111765,0.4467264861884799
568,1721643040.0,347236162.0,-0.5023731847923596,-0.02604639062880658,0.42304355238732144,0.5801090758509454,-0.48316794560936127,-0.4808297821130586,0.44589787741600656
569,1721643040.0,357256275.0,-0.5021290365138428,-0.02473212878666206,0.4210536387811274,0.5813061454809341,-0.4840259488698296,-0.4801879343134943,0.4440963789387385
570,1721643040.0,367233549.0,-0.5019087456335356,-0.023464165434438952,0.4189954791153214,0.5824943759978469,-0.4849783560831123,-0.4795239090160509,0.4422138812201251
571,1721643040.0,373241822.0,-0.5018071802867884,-0.022635819080338786,0.41775550657797816,0.5831531166772056,-0.4855991359247941,-0.4791602729674627,0.4410570875844776
572,1721643040.0,383255870.0,-0.5015841373384669,-0.02127567240232081,0.4157178616737048,0.5841836386428862,-0.4866883434413289,-0.4785348798476196,0.4391677372821426
573,1721643040.0,389280384.0,-0.5014591756577857,-0.020389132148656668,0.41453024851190046,0.5847036214587357,-0.4874104773196114,-0.4782198203717636,0.4380165579697944
574,1721643040.0,399249672.0,-0.501232006414378,-0.018960892566784463,0.41254057386803256,0.5855484455892934,-0.48861958751941864,-0.4776168923821455,0.43619493425707917
575,1721643040.0,409256622.0,-0.5010376173073465,-0.01758795920257105,0.41050960028614447,0.5864164190765359,-0.48984063424913354,-0.4769948524989194,0.4343360993118043
576,1721643040.0,415241709.0,-0.5008931212989757,-0.01673142354936223,0.4093601339931626,0.586836284798884,-0.4906244604447266,-0.47666091150699913,0.43324956906854595
577,1721643040.0,425248509.0,-0.5006993208665156,-0.015336618431779536,0.4074808724681909,0.5874242882603414,-0.4919769955312446,-0.47611963976708777,0.43151063724772715
578,1721643040.0,429260864.0,-0.5006167408892293,-0.014816222217019389,0.4066937068411605,0.5876885389774654,-0.49250724172404686,-0.475859429794236,0.4308324512844963
579,1721643040.0,439240902.0,-0.500435962191284,-0.013408706695787155,0.40469535942632845,0.5883174250068332,-0.49394215499480826,-0.47530600141739726,0.4289381773274783
580,1721643040.0,451309549.0,-0.5002126836400722,-0.011713556747355951,0.4023640271762125,0.5888981040376756,-0.49574980015508524,-0.4746498040040064,0.42677713418830476
581,1721643040.0,457246294.0,-0.5001313307077675,-0.010889207630869984,0.4011688881466382,0.5891757579849133,-0.4966939186589924,-0.4743187215352754,0.42566280994611116
582,1721643040.0,467259161.0,-0.49998308482376874,-0.00944906446060509,0.39925049613135344,0.5895140371491235,-0.49832189488642115,-0.4738263370626112,0.4238361610183555
583,1721643040.0,477255160.0,-0.4998198635485932,-0.008006139875146066,0.3974485529480639,0.5896944344348077,-0.49998716275579247,-0.47340105582101744,0.42209566619851835
584,1721643040.0,481254879.0,-0.4997679810978282,-0.007413129422771517,0.3966989339301992,0.589738895724981,-0.5006966397865772,-0.47323473795320814,0.42137844340909164
585,1721643040.0,493235346.0,-0.4995806277038722,-0.005662062512729004,0.3944801409047789,0.5898696667432626,-0.5028004035096121,-0.4727779352302469,0.41919751245229037
586,1721643040.0,497222784.0,-0.4995219349938903,-0.005085916683561587,0.3937692497272087,0.5898689970242069,-0.5035238060026168,-0.47259442067702834,0.41853656552712265
587,1721643040.0,507224945.0,-0.49937755501443226,-0.0037026353095039686,0.39194918080077723,0.5899241886283851,-0.5052884953513858,-0.4721393096352046,0.4168422488590457
588,1721643040.0,517246517.0,-0.49926720771056937,-0.002339413524521959,0.3901646557109472,0.5899009403953861,-0.5070731780160207,-0.47174765360475873,0.415147954319634
589,1721643040.0,523231550.0,-0.4992100139034499,-0.0015248805318286646,0.3890596119274947,0.5898389333940328,-0.5082202854293537,-0.4715160158180861,0.41409518345150365
590,1721643040.0,533221954.0,-0.49912652318902984,-0.00018950030380164443,0.38727536222060477,0.5897115423227856,-0.5100813195898967,-0.47117181232998084,0.4123766088448672
591,1721643040.0,539276177.0,-0.4990740993189915,0.0006112556975285034,0.3862118890994982,0.5895766146725898,-0.5112327585494396,-0.4709585695639863,0.4113860811590285
592,1721643040.0,549232347.0,-0.4989869414515813,0.0018776905715087034,0.38453505085661843,0.5893294219854216,-0.513067227461126,-0.4706658586975821,0.4097883623825226
593,1721643040.0,559219833.0,-0.49890903658566965,0.0031477056019312277,0.3828604895866445,0.5889821552847587,-0.5149817035992562,-0.4703551701104018,0.40823997803319484
594,1721643040.0,563224753.0,-0.4988801343442125,0.003664066992856034,0.3822221832783461,0.588839036534163,-0.5157206765279674,-0.4702607440792421,0.4076218902771193
595,1721643040.0,575222225.0,-0.4988325371065089,0.0051518869159921776,0.38025035601702384,0.5882822163781632,-0.5180379716761473,-0.4699617704085085,0.40582832349327175
596,1721643040.0,585237994.0,-0.49880971393583234,0.006372327488590081,0.3785766920948199,0.5878409264253402,-0.5199809437963563,-0.4697293584931233,0.4042489246462964
597,1721643040.0,589235535.0,-0.4988063903495198,0.006829187372046048,0.37790958729992596,0.5876553195637667,-0.5207565179916822,-0.46960584876385614,0.4036634999159132
598,1721643040.0,599216766.0,-0.49876244178880796,0.007965157521198828,0.37632836413402054,0.5871058932204657,-0.5226708571453372,-0.4693696184154036,0.4022611173669859
599,1721643040.0,605233154.0,-0.49874683712630563,0.008628609189211198,0.375433849905852,0.5867337583550388,-0.5238038053569108,-0.4692380469246237,0.40148315732861695
600,1721643040.0,615223473.0,-0.4987326502091517,0.009673304527310782,0.3738976001167877,0.5861535099686772,-0.5256395537401941,-0.46903006287301546,0.4001723658831837
601,1721643040.0,625239992.0,-0.4987216580539495,0.010732266022890263,0.37245988114755046,0.5854316405065242,-0.527505957364519,-0.46888164136035276,0.39894519126567207
602,1721643040.0,631221495.0,-0.4987019299528512,0.011281092604466393,0.37163549958644987,0.5850184420918578,-0.5285275754986549,-0.4687861733507256,0.3983108685751778
603,1721643040.0,641231634.0,-0.49870738669824477,0.012293627524991625,0.37025462865010794,0.5842613292758809,-0.5303245506513771,-0.468697440664813,0.397136348378551
604,1721643040.0,651248696.0,-0.49872857645938184,0.013149722875215812,0.3688797404166817,0.5835353272939746,-0.5320586409372717,-0.4685339881369004,0.39607578361271745
605,1721643040.0,657206408.0,-0.49875579424399863,0.013705856752157576,0.3680597732145158,0.5830453241039587,-0.5331311936974631,-0.4684829167818528,0.39541501872184326
606,1721643040.0,667226798.0,-0.4987920233765516,0.014486304072694835,0.36666015743291397,0.5823077917120101,-0.5348424711987859,-0.46829985590103823,0.39440640420323436
607,1721643040.0,671219773.0,-0.4988066604612945,0.014819434160563043,0.36609734247049863,0.5819969898910868,-0.5355472971877497,-0.46825549674884015,0.3939611478269234
608,1721643040.0,683215429.0,-0.49889817699682737,0.015697905981290953,0.36444017445750265,0.581034845787994,-0.5376229230790059,-0.4680561770401854,0.39278940374535837
609,1721643040.0,693246083.0,-0.49896281133496484,0.01633810273885517,0.3631752501462951,0.5802419236154228,-0.5392327973107447,-0.4678962798998907,0.39194434763030633
610,1721643040.0,697204611.0,-0.49900366011965436,0.016549438381670084,0.36265702613017914,0.5799355800402619,-0.5398724790190306,-0.46782223004554013,0.39160540149036377
611,1721643040.0,707226551.0,-0.4990795519076902,0.017115727833001745,0.3614152610659062,0.579141404424715,-0.5414614487790077,-0.4676453691346254,0.39079731561775993
612,1721643040.0,719225177.0,-0.49915702856012756,0.0176923990176327,0.3600719175800038,0.5780686729821237,-0.5432965251520544,-0.4674926064661487,0.3900207148009917
613,1721643040.0,723226767.0,-0.4991913004437123,0.01787151550807262,0.3596237411041349,0.5777471507803476,-0.543886338839294,-0.4674167866715194,0.38976586270073793
614,1721643040.0,733242204.0,-0.49927924378024535,0.018230685986139316,0.3585287909086005,0.5770074922498739,-0.5452998202210193,-0.46724420449824744,0.3890929366067133
615,1721643040.0,739221739.0,-0.49932269685810093,0.018458923194425065,0.3578936174508235,0.5765063678274572,-0.5461834696546152,-0.4671421185023428,0.38871874980708343
616,1721643040.0,749224537.0,-0.4994000849856453,0.018802959099499438,0.35692367852468704,0.5756763919988579,-0.547572812783961,-0.46699415624426166,0.3881715657138587
617,1721643040.0,759213858.0,-0.4994744246933357,0.01909656689700879,0.35594112041109727,0.5748396811676606,-0.5489966018542176,-0.4668360132136712,0.3875902590034342
618,1721643040.0,765238144.0,-0.4995126593185629,0.01922120836627178,0.3554319753953687,0.5743701251757614,-0.5497712240483934,-0.46671405665834337,0.38733519054098875
619,1721643040.0,775220036.0,-0.49959304813703476,0.019298798673350104,0.35459777143332694,0.5736380445169834,-0.5509921929397658,-0.46643949419864994,0.3870157560796033
620,1721643040.0,781238860.0,-0.499640958121873,0.019313597064458038,0.35410743672054545,0.5732381824458057,-0.5517076227157329,-0.4662309804426674,0.38684022295910847
621,1721643040.0,791318003.0,-0.4997159444838937,0.019313550544206668,0.3533929515344199,0.572452412015196,-0.5529066207632571,-0.46601476295284117,0.38655238377760287
622,1721643040.0,801259091.0,-0.4997704655364178,0.019244200341469467,0.3527672508171177,0.5717360812553989,-0.5540206940322483,-0.4657342895298352,0.3863554005457741
623,1721643040.0,805287811.0,-0.4997982872319329,0.019213111631440866,0.3524947229505697,0.5714798239355406,-0.5544507974501987,-0.46563498654441965,0.3862372112409944
624,1721643040.0,817233393.0,-0.499878793114158,0.01903831805007449,0.3517560749142245,0.5707134742636163,-0.5556990280740698,-0.46527520071730094,0.3860099844420636
625,1721643040.0,827232248.0,-0.4999388133573728,0.018789394923149697,0.35118744097544197,0.5701523371257403,-0.5566544999431507,-0.4649084703705713,0.38590438497222684
626,1721643040.0,831263201.0,-0.49996103892803495,0.018718288204422326,0.3509767423067546,0.5699132650385255,-0.5570234619971525,-0.46477652097277006,0.38588407413403647
627,1721643040.0,841244431.0,-0.5000031455706571,0.018373684664351384,0.35054006729564874,0.5694343558074801,-0.5578217929498243,-0.46440309419861,0.3858874548817575
628,1721643040.0,847254290.0,-0.5000278118553985,0.01819123180332074,0.350292473592575,0.5691420750858179,-0.558303914914039,-0.46418618547230056,0.3858823942282696
629,1721643040.0,857248091.0,-0.5000807489557316,0.0178387859897454,0.34994240086018347,0.5686617569517971,-0.559035320503926,-0.4638061717802729,0.38598853820819073
630,1721643040.0,867241460.0,-0.5001069595384391,0.017417198589478898,0.3496479183456382,0.5682018677165424,-0.559713432215457,-0.4634006779190158,0.3861700700795215
631,1721643040.0,873217326.0,-0.5001196062121325,0.017163740361203654,0.3495127290337097,0.5679554130404801,-0.5600605877512885,-0.463155688648932,0.3863231741920652
632,1721643040.0,883215783.0,-0.5001367936707033,0.016736555021387742,0.34929751333512016,0.567511738260547,-0.5606577158234846,-0.46272112330357107,0.3866296867452974
633,1721643040.0,893280435.0,-0.5001703374163191,0.016271935732891995,0.3490070558319274,0.567248404085906,-0.5611869776250205,-0.4622221196115658,0.38684510640291003
634,1721643040.0,899232177.0,-0.5001874816698904,0.015961546256187554,0.3488517956224995,0.5671091270864347,-0.5614655725529724,-0.4619096400693879,0.3870182595485562
635,1721643040.0,909241903.0,-0.500207761587139,0.015439236986747082,0.34860728767467153,0.566940601059867,-0.561866435840467,-0.4613599876547678,0.3873389019153636
636,1721643040.0,915246219.0,-0.5002119241143983,0.015114202968124707,0.34849772630701825,0.5668689105023118,-0.5620554885460861,-0.46104328712908405,0.3875465823541105
637,1721643040.0,925247419.0,-0.5002231423804568,0.014611665449900908,0.3483155393449656,0.5667219808491684,-0.5623958444715027,-0.4604834672682305,0.38793309592790476
638,1721643040.0,935266301.0,-0.5002229816608326,0.014103629876521062,0.34820884867610985,0.5665859336920637,-0.562651231693618,-0.4599427206919729,0.3884027096949931
639,1721643040.0,939262273.0,-0.500226240858874,0.013892891887360644,0.3481535726677992,0.5665552459253853,-0.5627465880206047,-0.45971395929015324,0.38858011608851695
640,1721643040.0,951266233.0,-0.5002313168013732,0.013250756954572928,0.34800224097187005,0.5665512753982427,-0.5629320247719923,-0.4589692329955707,0.3891971621096269
641,1721643040.0,955256123.0,-0.5002331388753589,0.013067826873987158,0.34795211996415737,0.5665368541415232,-0.5630152764469608,-0.4587235543615231,0.3893873290962478
642,1721643040.0,965235362.0,-0.5002405922023211,0.01260362703578607,0.34776000554140996,0.566630123390366,-0.5631458829971154,-0.4581214196005757,0.38977144922784057
643,1721643040.0,975235157.0,-0.5002346548239242,0.012168370938608944,0.3475732079803735,0.5667034598218584,-0.5632723152014992,-0.45752627295648673,0.3901809799413917
644,1721643040.0,981226886.0,-0.5002343793049223,0.011905383701434236,0.34745767529054217,0.5667844814206923,-0.5633233291760162,-0.45712006546570866,0.3904656504423316
645,1721643040.0,991245750.0,-0.5002366130026807,0.01145080775669496,0.3472539744517721,0.566973381560938,-0.5633627021820845,-0.45641681584052723,0.39095695493167704
646,1721643041.0,1238359.0,-0.5002415329217914,0.010975048720475668,0.3470545825519036,0.5672390150047822,-0.563334793160903,-0.4556917326701331,0.39145734818350164
647,1721643041.0,7208041.0,-0.5002279882013013,0.01073163274861028,0.34696867644532126,0.5673347901947544,-0.5633458201425395,-0.4552533831213517,0.39181255712287666
648,1721643041.0,17199522.0,-0.5002403112926975,0.010293096930772686,0.3466925873103408,0.5676878130346191,-0.5633013125535652,-0.45449954947057225,0.392240153144026
649,1721643041.0,23203097.0,-0.500241161915813,0.010080476068475572,0.34656801500083,0.5678347113475883,-0.5632954816231112,-0.45406442320111434,0.39253973117995017
650,1721643041.0,33208930.0,-0.5002554611793981,0.009699758863070687,0.3462108384160631,0.5682605794000144,-0.5632633160525767,-0.4532582439232056,0.39290115169730266
651,1721643041.0,43204280.0,-0.5002569165216036,0.00933119878281194,0.3459069669785566,0.5686579187974236,-0.5632067939842952,-0.4524564089634078,0.39333125554277054
652,1721643041.0,47258922.0,-0.5002550628784791,0.009234426607405463,0.3457425046721194,0.5688540373635166,-0.563192897385536,-0.45215444529465587,0.3934147965061737
653,1721643041.0,57196040.0,-0.5002652227217238,0.008920687639300526,0.3453826752995486,0.569260291257352,-0.5631786613265233,-0.45133766908831807,0.39378525199146786
654,1721643041.0,63255859.0,-0.5002674635402906,0.008702769926430376,0.3451525103170679,0.5695987532625738,-0.563099017030742,-0.4508429627345328,0.3939763701714639
655,1721643041.0,73250258.0,-0.500268092941847,0.008331229082125788,0.34472446839487564,0.5701792221437665,-0.5630032117636363,-0.4499261912033961,0.3943215193830596
656,1721643041.0,85229623.0,-0.500265601943357,0.00789039036510076,0.3442622562172011,0.5708521551200703,-0.562846155064274,-0.4488322640826504,0.3948184664406878
657,1721643041.0,89224491.0,-0.5002575345408503,0.007766704629717776,0.34407936797345706,0.5711082664474945,-0.5627966767235284,-0.44847787437789616,0.39492131476760534
658,1721643041.0,99210502.0,-0.5002654532266423,0.007450276941101826,0.34359559959674424,0.571754155392462,-0.5626926680250502,-0.44754072303696824,0.395197986287697
659,1721643041.0,109238399.0,-0.5002610594708584,0.0071374520626536694,0.34310379404358887,0.5724072231192818,-0.56258915728538,-0.44659487080466426,0.3954698881037143
660,1721643041.0,115243991.0,-0.5002632787622298,0.006919374550091602,0.3427980665317538,0.5728230413217502,-0.562507130306824,-0.445994669859629,0.3956617825134023
661,1721643041.0,125217160.0,-0.5002495806546006,0.006675410519577363,0.34225768872915574,0.5735086333307167,-0.5624173242106976,-0.44507178998511576,0.39583544899649625
662,1721643041.0,131232966.0,-0.5002373308832955,0.006496818141727717,0.34196769465345994,0.5739146454121558,-0.5623308957695302,-0.4444868383846758,0.3960270116384391
663,1721643041.0,141272250.0,-0.5002388443877703,0.006277523003987956,0.3414200410412507,0.5745707978608133,-0.5622662527873037,-0.4435655320612703,0.39620030033975806
664,1721643041.0,151211890.0,-0.5002297936890819,0.006077155095166893,0.3408298647671342,0.5752990722806429,-0.5621843933264128,-0.44259638636717774,0.39634344211549755
665,1721643041.0,157205373.0,-0.500219700036343,0.0059371343659142236,0.3404988212947858,0.5757236591226119,-0.5621155318568515,-0.4420416365063848,0.3964436766635542
666,1721643041.0,167202979.0,-0.5002265111157611,0.00567272281171262,0.33990094461241405,0.5764367187510155,-0.5620478749787464,-0.4410505170204059,0.3966072830186944
667,1721643041.0,171212454.0,-0.5002273552252026,0.005580285484267458,0.33965142794778114,0.5767568814706169,-0.5619929201188283,-0.4406693966665328,0.39664334137125634
668,1721643041.0,183201986.0,-0.5002152764193366,0.005220379389560447,0.3388741237856959,0.5777613776992067,-0.5618373394438702,-0.4394210242212528,0.39678679151162916
669,1721643041.0,193297262.0,-0.5002108061967779,0.0049898221194027825,0.3381811769914256,0.5785736499575043,-0.5617598813142897,-0.43845677030286556,0.39677957091587623
670,1721643041.0,197226951.0,-0.5002216996820049,0.004939343581614505,0.3378785997810064,0.5788873471361998,-0.5617635480941172,-0.43807132608998783,0.39674257222546816
671,1721643041.0,209230192.0,-0.500206004650854,0.004664587373210049,0.33710928787792227,0.579805397370725,-0.561674274433225,-0.4368995875551268,0.3968204392591766
672,1721643041.0,213207067.0,-0.5001955544440431,0.0046157338335209575,0.3368575891789674,0.5800897298036338,-0.5616611367507854,-0.43654386812674173,0.39681497456762466
673,1721643041.0,223216524.0,-0.5001894340600362,0.004407140949383758,0.33620390129072725,0.5808622273705042,-0.5615702483265155,-0.4356079143877577,0.39684212721360673
674,1721643041.0,235204209.0,-0.5001879732127408,0.00419445562663009,0.33539092771482726,0.581778493020761,-0.5615191335862599,-0.43450088998264474,0.3967858670357577
675,1721643041.0,239208818.0,-0.5001739362258493,0.00410433635173544,0.33517668690718555,0.5820438437972311,-0.5614873267721618,-0.4341201002542853,0.39685851928263477
676,1721643041.0,249208182.0,-0.5001650455242022,0.0039534543083574415,0.33448038737757374,0.5827919110294939,-0.5614599439578307,-0.433250758208548,0.396749417493181
677,1721643041.0,259231966.0,-0.5001585300565078,0.0037490540946643436,0.33379980578666807,0.5835603052362401,-0.5614075245871004,-0.43230811693164045,0.39672238848417624
678,1721643041.0,265246057.0,-0.5001536161419443,0.0036265579243022483,0.3333711141597194,0.5840274242029263,-0.5613883293766896,-0.43176334126905463,0.39665542799100423
679,1721643041.0,275276982.0,-0.5001524682822377,0.0034771068187142828,0.33258704965184055,0.5848400171983817,-0.561391565534959,-0.43087578901237245,0.3964186156988216
680,1721643041.0,281211671.0,-0.5001496120844784,0.0033586060912701625,0.3321451320211574,0.5853080804120617,-0.5613816764775176,-0.43032815004820013,0.39633665941435825
681,1721643041.0,291254745.0,-0.5001523400532999,0.0031674685250964716,0.33143028472513225,0.5860607466152087,-0.5613695770695335,-0.4294621805847358,0.3961808105713866
682,1721643041.0,301214357.0,-0.500139618416894,0.003018971262456098,0.33076578715187877,0.5867337298121345,-0.5613750994865015,-0.4286557908774874,0.3960501747562518
683,1721643041.0,305224149.0,-0.5001473491714223,0.002983864208225541,0.33046319728826157,0.5869968327978018,-0.5614108787515686,-0.4283374638214257,0.3959539879730597
684,1721643041.0,317190310.0,-0.5001377324781476,0.0027875322360876136,0.3296127587844232,0.5878765030967137,-0.5614158574144269,-0.4273310263772257,0.3957292585162111
685,1721643041.0,327196503.0,-0.5001263741419743,0.0025964778341112634,0.32889916362107346,0.5885956191938475,-0.5614237071601892,-0.4265007926523261,0.3955448039998238
686,1721643041.0,331208325.0,-0.500132363197585,0.0025365646676978704,0.3285985760312208,0.5888859077722112,-0.5614308396703619,-0.42618529299127134,0.3954426582101069
687,1721643041.0,341205128.0,-0.5001150140733455,0.002326505867308946,0.3279340884451407,0.5895946079022949,-0.5614180641096638,-0.4253726150473388,0.39527976673703547
688,1721643041.0,347210675.0,-0.5001172347695917,0.0022332893759874255,0.3274981090863969,0.5899930428589458,-0.5614604700792052,-0.42490496428622476,0.3951279808383635
689,1721643041.0,357200307.0,-0.5001167179677496,0.0020473224770485377,0.3267949594713277,0.590671868386585,-0.5614847156036538,-0.4241504197544825,0.39488995867492155
690,1721643041.0,367196214.0,-0.5001019236163896,0.0018812559098905978,0.3260963489944015,0.591346503432921,-0.5615388666358272,-0.42340211014394247,0.39460621797009965
691,1721643041.0,373194824.0,-0.5001042924979284,0.0017722398417731539,0.32568538903508265,0.5917466078712386,-0.5615595786354463,-0.42296098082900163,0.3944499973530633
